Date,O,H,L,C,V
2010-02-11,48.2,48.45,48.0,48.15,12692
2010-02-15,48.3,48.45,47.7,47.85,1975
2010-02-16,48.1,48.4,47.8,48.35,720
2010-02-17,49.0,49.25,48.9,49.0,21237
2010-02-18,49.0,49.1,48.8,48.85,97
2010-02-19,49.05,49.05,48.2,48.35,598
2010-02-22,49.0,49.9,48.6,49.15,379
2010-02-23,47.95,48.8,47.95,48.7,218
2010-02-24,48.7,48.8,48.0,48.5,33641
2010-02-25,48.6,48.6,48.3,48.45,2315
2010-02-26,48.8,49.9,48.6,48.95,945
2010-03-02,50.0,50.2,48.8,50.0,3159
2010-03-03,50.4,50.8,50.4,50.75,21178
2010-03-04,50.9,50.9,48.0,50.7,18739
2010-03-05,51.0,51.0,50.7,50.85,1494
2010-03-08,51.1,51.6,50.85,51.15,18629
2010-03-09,51.2,51.2,51.0,51.05,15105
2010-03-10,51.1,51.35,50.85,51.0,68468
2010-03-11,51.1,51.35,51.1,51.35,4551
2010-03-12,51.5,51.6,51.0,51.35,3556
2010-03-15,51.2,51.4,50.9,51.25,3636
2010-03-16,51.4,52.1,51.3,51.95,1830
2010-03-17,52.1,52.5,51.15,52.25,2213
2010-03-18,52.45,52.5,52.2,52.35,3179
2010-03-19,52.5,52.7,52.4,52.7,5356
2010-03-22,52.7,52.7,51.1,52.3,2784
2010-03-23,52.3,52.3,51.4,52.15,1705
2010-03-25,52.1,52.6,52.05,52.5,799
2010-03-26,52.5,52.8,52.5,52.8,777
2010-03-29,52.9,53.3,52.9,52.95,964
2010-03-30,53.3,53.3,50.0,52.5,2525
2010-03-31,52.0,52.85,52.0,52.45,2071
2010-04-01,53.0,53.0,52.6,52.85,916
2010-04-05,53.15,53.6,53.1,53.6,10491
2010-04-06,53.7,53.75,53.55,53.65,1589
2010-04-07,53.8,54.0,53.5,53.7,1390
2010-04-08,53.6,53.65,53.4,53.6,3712
2010-04-09,53.4,53.7,53.25,53.5,1635
2010-04-12,53.7,53.7,53.3,53.6,683
2010-04-13,53.15,53.3,53.15,53.2,97
2010-04-15,53.55,53.65,52.8,52.8,448
2010-04-16,52.7,52.8,52.5,52.65,1560
2010-04-19,52.0,52.2,51.8,51.8,348
2010-04-20,52.15,52.6,52.1,52.25,137
2010-04-21,52.5,52.55,52.35,52.35,2770
2010-04-22,52.25,53.2,52.25,52.7,1952
2010-04-23,52.9,53.0,52.85,53.0,1227
2010-04-26,53.3,53.5,53.1,53.1,773
2010-04-27,53.2,53.4,53.1,53.1,370
2010-04-28,52.6,52.6,52.1,52.2,2817
2010-04-29,52.4,52.6,52.3,52.5,770
2010-04-30,52.9,53.0,52.7,53.0,1403
2010-05-03,53.0,53.0,52.3,52.35,607
2010-05-04,52.5,52.7,51.9,52.0,388
2010-05-05,50.7,51.5,50.7,51.3,520
2010-05-06,51.2,51.3,50.5,51.2,29956
2010-05-07,50.4,50.6,49.9,50.6,2897
2010-05-10,51.1,51.6,49.0,51.2,1504
2010-05-11,51.7,52.0,51.3,51.3,362
2010-05-12,51.5,51.8,51.3,51.3,245
2010-05-13,51.9,52.1,42.2,51.8,972
2010-05-14,51.6,52.0,50.8,50.95,429
2010-05-17,50.1,50.7,49.95,50.65,938
2010-05-18,50.5,50.8,50.3,50.45,115
2010-05-19,49.0,59.85,41.0,49.5,3162
2010-05-20,50.0,50.0,49.4,49.6,183
2010-05-21,50.0,50.0,48.1,49.3,2200
2010-05-24,50.1,50.3,49.7,49.75,300
2010-05-25,59.0,59.0,48.2,48.55,2959
2010-05-26,49.0,49.5,48.6,49.4,7179
2010-05-27,49.2,49.8,49.2,49.8,111
2010-05-28,50.5,50.8,50.35,50.7,369
2010-05-31,50.8,51.0,50.45,50.65,7444
2010-06-01,50.5,50.65,49.4,49.4,17230
2010-06-02,49.95,50.3,49.6,50.0,10572
2010-06-03,50.8,51.1,50.8,51.0,3850
2010-06-04,51.0,51.3,49.0,51.2,2168
2010-06-07,50.3,50.5,50.2,50.5,13590
2010-06-08,50.55,50.7,49.8,49.95,6159
2010-06-09,49.9,50.5,49.9,50.1,6943
2010-06-10,50.4,50.5,50.4,50.4,89
2010-06-11,51.2,51.2,50.5,50.8,400
2010-06-14,51.6,51.7,51.4,51.6,1668
2010-06-15,51.15,52.1,51.15,52.0,1071
2010-06-16,52.0,52.4,51.3,51.55,189
2010-06-17,51.6,52.75,51.6,52.7,32117
2010-06-18,52.8,53.0,51.55,52.4,652
2010-06-21,52.8,53.2,52.8,52.8,2182
2010-06-22,52.8,53.1,52.8,53.1,1348
2010-06-23,53.1,53.1,52.5,52.8,24
2010-06-24,52.8,53.0,52.8,52.9,1912
2010-06-25,52.9,52.9,50.25,52.15,243
2010-06-28,52.5,53.0,52.5,52.85,318
2010-06-29,52.5,52.8,52.0,52.55,661
2010-06-30,52.55,53.0,52.3,52.5,363
2010-07-01,52.5,52.85,52.5,52.5,481
2010-07-02,52.5,52.5,52.3,52.3,481
2010-07-05,52.3,52.4,52.3,52.3,89
2010-07-06,52.3,53.0,43.7,52.15,1061
2010-07-07,52.8,52.8,52.3,52.35,8756
2010-07-08,53.0,53.1,52.9,52.9,235
2010-07-09,53.0,53.4,53.0,53.0,663
2010-07-12,53.45,53.9,53.45,53.8,1187
2010-07-13,53.2,53.9,53.2,53.9,4058
2010-07-14,53.9,54.4,53.0,54.2,2792
2010-07-15,54.05,54.05,53.5,53.5,103
2010-07-16,53.5,53.8,53.5,53.5,199
2010-07-19,53.8,53.8,53.5,53.5,332
2010-07-20,54.0,54.0,53.5,53.85,168
2010-07-21,53.5,53.55,53.5,53.55,242
2010-07-22,53.55,54.3,53.5,54.2,1126
2010-07-23,54.2,54.4,54.1,54.1,348
2010-07-26,54.6,54.6,54.0,54.05,389
2010-07-27,54.2,54.5,54.0,54.15,460
2010-07-28,54.3,54.3,54.0,54.0,1156
2010-07-29,53.9,54.0,53.5,54.0,288
2010-07-30,53.8,53.8,53.5,53.5,105
2010-08-02,54.4,54.4,53.7,53.7,468
2010-08-03,54.4,54.4,54.0,54.1,17933
2010-08-04,54.2,54.9,54.0,54.8,1291
2010-08-05,54.8,55.0,54.3,54.3,305
2010-08-06,54.5,54.7,54.0,54.1,236
2010-08-09,54.5,54.6,54.2,54.6,283
2010-08-10,54.7,54.7,51.3,53.3,139
2010-08-11,54.65,54.65,54.25,54.25,1687
2010-08-12,54.0,54.3,54.0,54.3,116
2010-08-13,54.3,54.75,54.0,54.75,380
2010-08-16,54.8,54.8,53.9,53.9,368
2010-08-17,54.0,54.4,54.0,54.3,10145
2010-08-18,49.6,54.7,49.6,54.5,227
2010-08-19,54.7,55.4,54.7,55.25,566
2010-08-20,55.0,55.2,55.0,55.0,383
2010-08-23,55.2,55.2,55.2,55.2,209
2010-08-24,55.2,55.2,54.8,54.9,341
2010-08-25,52.05,55.05,52.05,54.55,728
2010-08-26,54.75,54.85,50.75,54.55,265
2010-08-27,54.8,54.8,52.05,54.2,303
2010-08-30,55.0,55.0,53.9,54.15,21543
2010-08-31,54.3,54.3,53.5,54.0,1188
2010-09-01,54.4,54.5,54.2,54.2,404
2010-09-02,55.0,55.0,54.6,54.6,615
2010-09-03,54.0,55.0,54.0,54.5,664
2010-09-06,55.2,55.8,55.0,55.8,802
2010-09-07,55.8,55.8,55.6,55.7,507
2010-09-08,55.7,56.4,55.5,55.9,438
2010-09-09,56.4,56.4,55.8,56.3,252
2010-09-13,56.3,57.5,56.3,57.25,989
2010-09-14,57.7,58.35,57.5,58.2,659
2010-09-15,58.3,58.5,47.05,58.5,3399
2010-09-16,58.4,58.8,58.05,58.1,1113
2010-09-17,58.0,60.5,58.0,58.95,332
2010-09-20,58.95,59.6,57.4,59.55,969
2010-09-21,60.0,60.3,59.5,59.8,510
2010-09-22,60.0,60.5,59.4,59.7,860
2010-09-23,59.9,59.9,59.6,59.65,220
2010-09-24,59.5,60.0,59.5,60.0,370
2010-09-27,60.6,61.0,60.1,60.1,155
2010-09-28,60.3,60.5,60.2,60.5,230
2010-09-29,60.5,60.5,60.0,60.0,512
2010-09-30,59.8,60.4,59.5,60.3,14459
2010-10-01,60.8,61.4,60.8,61.25,1530
2010-10-04,61.5,62.2,61.3,61.6,1855
2010-10-05,61.6,61.9,61.4,61.45,662
2010-10-06,62.0,62.5,61.5,61.7,500
2010-10-07,61.6,61.9,61.2,61.75,132
2010-10-08,61.2,61.6,60.8,61.4,585
2010-10-11,61.6,61.8,61.3,61.3,186
2010-10-12,61.1,61.2,60.6,60.65,525
2010-10-13,61.55,62.3,61.55,62.3,492
2010-10-14,62.6,62.6,57.65,62.25,410
2010-10-15,61.8,61.8,60.7,60.9,795
2010-10-18,57.65,60.9,57.65,60.7,375
2010-10-19,60.8,62.5,60.5,61.15,1200
2010-10-20,60.35,60.35,60.35,60.35,20
2010-10-21,60.5,60.8,60.35,60.8,367
2010-10-22,60.9,61.3,60.5,61.0,246
2010-10-25,61.2,61.3,61.0,61.2,313
2010-10-26,61.2,61.3,61.0,61.0,92
2010-10-27,61.0,61.0,60.3,60.4,710
2010-10-28,60.6,60.8,60.4,60.8,695
2010-10-29,60.0,60.2,59.55,60.1,399
2010-11-01,65.0,68.0,60.9,61.0,52
2010-11-02,61.15,61.3,61.0,61.0,116
2010-11-03,62.0,62.0,61.5,61.5,151
2010-11-04,62.1,62.6,62.1,62.5,652
2010-11-05,62.5,63.5,61.0,62.5,341
2010-11-08,63.5,63.5,57.0,63.0,1044
2010-11-09,63.2,63.2,62.8,62.8,235
2010-11-10,63.2,63.2,62.7,63.2,106
2010-11-11,63.2,64.0,62.1,62.5,459
2010-11-12,61.7,61.9,60.0,61.25,556
2010-11-15,61.2,61.3,60.9,60.95,270
2010-11-16,60.95,64.0,59.85,60.9,4518
2010-11-18,60.0,72.9,57.85,60.2,331
2010-11-19,62.0,62.0,58.1,59.3,199
2010-11-22,59.3,60.2,59.3,60.2,88
2010-11-23,59.6,59.7,58.9,59.7,607
2010-11-24,59.0,60.0,59.0,59.4,133
2010-11-25,60.0,60.0,58.0,58.8,192
2010-11-26,58.5,69.8,57.5,58.0,650
2010-11-29,58.0,58.3,57.9,57.9,522
2010-11-30,58.0,58.3,57.8,58.05,1360
2010-12-01,58.6,59.5,58.6,59.5,381
2010-12-02,60.2,60.3,60.1,60.1,1679
2010-12-03,60.2,60.35,59.8,60.0,778
2010-12-06,60.2,60.6,60.2,60.2,508
2010-12-07,59.8,59.95,59.5,59.95,282
2010-12-08,59.2,59.6,56.9,59.1,435
2010-12-09,59.0,59.05,58.0,58.0,455
2010-12-10,58.2,58.5,57.5,58.5,705
2010-12-13,58.5,58.8,58.4,58.5,683
2010-12-14,59.2,59.4,59.0,59.4,1349
2010-12-15,59.6,59.6,58.7,58.7,726
2010-12-16,59.2,59.2,59.0,59.0,639
2010-12-20,63.95,63.95,59.0,59.6,665
2010-12-21,60.0,60.45,57.0,60.45,3043
2010-12-22,60.6,60.7,60.4,60.5,14814
2010-12-23,60.0,60.2,60.0,60.2,85
2010-12-24,60.1,60.2,59.9,60.2,2634
2010-12-27,60.7,60.9,60.6,60.6,50
2010-12-28,60.6,60.6,60.3,60.3,34
2010-12-29,60.7,60.7,60.7,60.7,89
2010-12-30,61.0,61.2,61.0,61.2,78
2010-12-31,61.5,62.1,61.5,61.95,124
2011-01-03,62.1,62.2,62.0,62.0,115
2011-01-04,62.1,62.1,61.5,62.05,872
2011-01-05,61.6,61.6,61.3,61.4,358
2011-01-06,61.15,61.15,60.9,60.9,146
2011-01-07,60.0,60.0,59.7,59.75,34
2011-01-10,59.3,59.3,58.5,58.5,347
2011-01-11,58.6,58.6,57.6,57.8,168
2011-01-12,58.0,59.0,57.7,58.8,1560
2011-01-13,58.7,63.4,57.7,58.25,684
2011-01-14,57.7,58.6,57.4,57.5,638
2011-01-17,56.8,57.3,56.8,56.9,3499
2011-01-18,57.6,57.7,57.1,57.35,2112
2011-01-19,57.8,58.1,57.5,57.5,1411
2011-01-20,57.0,57.7,57.0,57.7,91
2011-01-21,57.5,57.6,57.5,57.6,90
2011-01-24,57.5,58.0,57.4,58.0,436
2011-01-25,57.5,57.5,57.3,57.3,43
2011-01-27,57.5,57.5,56.8,57.0,34
2011-01-28,56.4,56.4,55.0,55.35,1242
2011-01-31,55.5,55.5,54.6,55.4,2942
2011-02-01,55.4,55.4,54.2,54.4,1909
2011-02-02,55.0,55.3,55.0,55.0,171
2011-02-03,59.6,61.6,54.7,55.7,473
2011-02-04,55.7,55.7,54.6,54.8,397
2011-02-07,54.8,54.8,54.4,54.65,13631
2011-02-08,54.65,54.65,53.7,53.95,379
2011-02-09,53.95,53.95,53.1,53.3,8835
2011-02-10,57.6,57.6,52.6,52.9,248
2011-02-11,52.9,53.6,52.4,53.5,505
2011-02-14,54.15,54.95,54.15,54.95,27532
2011-02-15,54.9,55.7,54.6,55.45,13159
2011-02-16,55.2,55.4,55.2,55.4,2028
2011-02-17,55.4,55.8,55.4,55.8,282
2011-02-18,52.45,59.6,52.45,55.3,62774
2011-02-21,55.4,55.7,54.6,55.6,38398
2011-02-22,55.2,55.6,55.0,55.35,1469
2011-02-23,55.2,56.0,54.7,55.3,5676
2011-02-24,54.7,55.0,53.0,54.1,2565
2011-02-25,54.0,54.0,53.2,53.65,4541
2011-02-28,53.7,55.1,53.7,53.8,479
2011-03-01,54.3,55.6,54.3,55.5,19308
2011-03-03,55.4,56.0,55.2,55.4,497
2011-03-04,56.0,56.4,55.7,55.7,799
2011-03-07,54.9,55.1,54.4,54.4,197
2011-03-08,55.5,55.6,55.3,55.6,538
2011-03-09,55.6,56.0,55.2,55.5,266
2011-03-10,55.3,55.4,55.1,55.4,107
2011-03-11,55.1,55.3,54.7,55.0,15783
2011-03-14,54.9,55.8,54.9,55.6,596
2011-03-15,54.5,55.2,54.3,55.1,169
2011-03-16,55.4,55.6,55.4,55.4,519
2011-03-17,55.3,55.4,55.2,55.2,545
2011-03-18,55.2,55.2,54.4,54.6,51008
2011-03-21,54.3,54.4,54.1,54.3,685
2011-03-22,54.3,54.7,54.3,54.5,356
2011-03-23,54.55,55.2,54.55,55.0,894
2011-03-24,55.6,55.65,55.4,55.5,187
2011-03-25,56.0,56.9,55.9,56.5,1921
2011-03-28,57.5,57.5,56.8,57.35,2388
2011-03-29,57.4,58.2,57.4,58.0,24048
2011-03-30,58.2,58.25,58.1,58.25,268
2011-03-31,58.2,59.1,58.2,58.85,2210
2011-04-01,58.7,58.7,58.4,58.5,1789
2011-04-04,58.8,59.4,58.75,59.4,505
2011-04-05,68.0,68.0,59.0,59.4,1006
2011-04-06,59.7,59.7,59.0,59.3,2416
2011-04-07,59.2,59.4,59.1,59.2,222
2011-04-08,59.5,59.5,58.6,58.9,478
2011-04-11,58.5,58.55,58.2,58.45,204
2011-04-13,57.8,63.4,53.3,59.6,1496
2011-04-15,59.4,59.4,58.8,58.8,133
2011-04-18,58.8,59.4,57.8,57.8,103
2011-04-19,62.5,62.5,57.5,57.55,656
2011-04-20,58.3,58.7,58.2,58.6,345
2011-04-21,59.3,59.5,58.9,59.45,3705
2011-04-25,59.4,59.6,58.2,59.6,1517
2011-04-26,59.2,59.7,58.3,59.6,73
2011-04-27,59.5,59.5,56.6,59.15,24172
2011-04-28,58.7,58.7,58.3,58.6,566
2011-04-29,58.1,58.1,58.0,58.0,1651
2011-05-02,57.7,57.9,57.7,57.9,8549
2011-05-03,58.2,58.2,56.0,56.2,17897
2011-05-04,55.8,56.3,55.5,56.05,198925
2011-05-05,56.2,56.2,55.5,55.5,93707
2011-05-06,55.6,56.3,55.6,56.3,454
2011-05-09,56.0,56.4,55.4,56.3,2795
2011-05-10,55.9,56.7,55.9,56.0,17254
2011-05-11,56.1,56.6,56.1,56.4,3659
2011-05-12,55.8,56.4,55.5,55.7,45549
2011-05-13,55.7,56.2,55.0,55.4,266
2011-05-16,55.7,55.8,55.3,55.6,298
2011-05-17,55.5,56.0,55.2,55.35,153
2011-05-18,55.2,55.3,55.0,55.1,5641
2011-05-19,55.1,55.2,54.95,55.05,11571
2011-05-20,55.6,55.7,55.3,55.7,65
2011-05-23,58.45,58.45,54.6,54.8,28917
2011-05-24,54.9,55.2,54.7,55.0,104
2011-05-25,54.7,55.1,54.3,54.5,576
2011-05-26,54.4,54.7,54.3,54.6,198
2011-05-27,55.0,55.6,54.6,55.55,117
2011-05-30,55.8,55.9,55.4,55.45,158
2011-05-31,55.8,56.3,55.6,56.2,126
2011-06-01,56.4,56.6,56.2,56.5,849
2011-06-02,56.0,56.6,55.8,56.3,542
2011-06-03,56.5,56.8,55.9,55.9,858
2011-06-06,56.0,56.1,55.5,56.1,116
2011-06-07,56.3,56.3,56.2,56.25,28
2011-06-08,56.3,56.6,56.0,56.2,330
2011-06-09,56.2,56.2,56.0,56.0,22
2011-06-10,59.65,59.65,55.8,56.1,252
2011-06-13,55.5,56.0,55.4,55.6,67
2011-06-14,55.8,56.0,55.5,56.0,57
2011-06-15,55.6,55.6,55.5,55.5,813
2011-06-16,55.7,55.8,54.9,55.6,85
2011-06-17,54.5,55.1,54.5,54.6,199
2011-06-20,54.6,54.8,53.5,54.05,433
2011-06-21,54.1,54.4,53.6,54.0,409
2011-06-22,53.8,53.8,53.6,53.8,2852
2011-06-23,53.5,54.3,53.3,54.3,138
2011-06-24,54.6,55.5,54.4,55.5,321
2011-06-27,56.0,56.4,55.6,56.2,555
2011-06-28,56.3,56.3,55.9,55.9,193
2011-06-29,53.45,57.9,53.45,56.75,637
2011-06-30,57.0,57.3,56.7,56.8,213134
2011-07-01,57.6,57.6,56.9,57.45,751
2011-07-04,57.45,57.5,57.2,57.2,219
2011-07-05,57.1,57.1,57.0,57.0,57
2011-07-06,57.2,57.2,57.0,57.05,1368
2011-07-07,57.1,58.1,57.0,58.0,520
2011-07-08,58.0,58.0,57.8,58.0,239
2011-07-11,57.3,57.7,57.1,57.25,13947
2011-07-12,56.5,56.6,56.2,56.4,42
2011-07-13,56.5,56.7,56.5,56.65,120
2011-07-14,54.1,57.5,54.1,57.3,687
2011-07-15,57.1,57.3,57.0,57.0,57
2011-07-18,57.0,57.0,56.0,56.9,44
2011-07-19,56.4,56.9,56.3,56.3,143
2011-07-20,58.9,61.2,56.3,56.9,2927
2011-07-21,53.85,56.7,53.85,56.7,269
2011-07-22,56.7,57.1,56.7,57.1,53
2011-07-25,57.0,57.3,56.6,57.3,289
2011-07-26,59.7,59.7,56.4,56.5,157
2011-07-27,56.5,56.5,56.1,56.1,142
2011-07-28,55.8,56.0,55.7,56.0,390
2011-07-29,55.5,55.9,55.5,55.9,30
2011-08-01,56.0,56.5,56.0,56.0,210
2011-08-02,55.6,55.9,55.5,55.7,746
2011-08-03,54.8,55.6,54.6,55.5,4147
2011-08-04,55.0,55.2,54.6,54.6,1988
2011-08-05,53.0,54.1,52.8,53.5,10731
2011-08-08,54.0,57.2,51.8,52.3,47252
2011-08-09,51.8,52.4,51.0,51.55,11706
2011-08-10,52.3,52.9,52.3,52.5,1711
2011-08-11,52.6,53.1,51.9,52.25,599
2011-08-12,52.5,52.9,50.65,51.95,19218
2011-08-16,52.3,52.6,51.6,52.0,112
2011-08-17,52.0,52.3,51.8,52.0,1011
2011-08-18,51.9,51.9,50.9,50.9,39865
2011-08-19,50.5,50.6,49.2,49.95,1073
2011-08-22,50.1,50.2,49.5,50.2,327
2011-08-23,50.25,51.0,50.2,50.7,1538
2011-08-24,54.3,54.3,50.4,50.45,9348
2011-08-25,50.0,50.1,50.0,50.1,1518
2011-08-26,49.8,50.0,48.9,49.1,460
2011-08-29,53.9,55.0,49.3,50.6,9275
2011-08-30,50.2,51.1,50.2,50.7,171
2011-09-02,51.1,51.15,50.8,51.1,10096
2011-09-05,51.0,51.1,50.6,51.1,348
2011-09-06,51.1,51.1,50.7,50.85,264
2011-09-07,51.9,52.2,51.7,51.95,3060
2011-09-08,52.0,52.1,52.0,52.0,473
2011-09-09,52.15,52.25,51.4,51.5,509
2011-09-12,50.75,50.9,50.4,50.5,190
2011-09-13,50.9,51.0,50.65,50.65,134
2011-09-14,50.4,51.0,50.4,50.55,145
2011-09-15,51.1,51.3,50.4,51.25,1469
2011-09-16,51.65,51.65,51.4,51.5,93
2011-09-19,51.5,51.6,50.8,50.8,40
2011-09-20,51.1,51.8,51.1,51.55,606
2011-09-21,51.8,51.85,51.7,51.75,140
2011-09-22,51.2,51.2,50.3,50.35,895
2011-09-23,49.55,50.15,49.55,49.85,929
2011-09-26,51.0,51.0,48.8,48.85,1237
2011-09-27,49.5,50.6,49.5,50.55,156
2011-09-28,50.5,50.5,50.3,50.35,325
2011-09-29,49.5,50.5,49.5,50.5,401
2011-09-30,50.6,50.6,50.0,50.15,835
2011-10-03,48.7,49.7,48.6,49.65,1099
2011-10-04,49.1,49.75,49.1,49.1,826
2011-10-05,49.35,49.35,48.8,48.95,468
2011-10-07,49.8,50.1,49.55,49.65,476
2011-10-10,50.0,50.6,50.0,50.4,144
2011-10-11,50.7,51.0,50.4,50.45,741
2011-10-12,50.9,51.45,50.8,51.4,576
2011-10-13,51.5,51.7,51.4,51.4,468
2011-10-14,51.4,52.3,51.4,52.0,5132
2011-10-17,52.3,52.3,51.7,51.7,228
2011-10-18,51.4,51.4,51.4,51.4,1
2011-10-19,51.7,52.15,51.6,52.15,167
2011-10-20,51.6,53.35,51.5,51.5,969
2011-10-21,51.95,51.95,51.6,51.9,382
2011-10-24,52.2,52.2,51.9,51.9,223
2011-10-25,52.0,52.35,52.0,52.15,300
2011-10-26,52.15,58.4,52.0,54.2,320
2011-10-28,54.2,54.2,53.8,53.8,337
2011-10-31,53.9,54.3,53.9,54.1,450
2011-11-01,53.6,53.7,53.6,53.7,205
2011-11-02,53.6,53.7,53.0,53.4,320
2011-11-03,53.3,53.3,53.2,53.3,111
2011-11-04,53.3,53.5,53.3,53.4,96
2011-11-08,54.0,54.1,53.5,54.1,548
2011-11-09,53.05,53.7,52.55,53.0,292
2011-11-11,53.5,53.5,51.05,52.2,174
2011-11-14,52.6,52.7,52.1,52.1,395
2011-11-15,52.0,52.1,51.5,51.75,161
2011-11-16,51.5,51.7,50.5,50.7,527
2011-11-17,50.7,50.95,50.1,50.35,273
2011-11-18,50.3,50.8,49.7,50.8,387
2011-11-21,50.9,50.9,49.4,49.6,504
2011-11-22,49.5,51.0,49.0,49.6,190
2011-11-23,49.1,50.0,48.6,48.6,604
2011-11-24,48.1,49.0,48.0,48.25,623
2011-11-25,48.0,50.85,47.9,48.55,489
2011-11-28,48.5,49.5,48.5,49.45,760
2011-11-29,49.5,49.7,49.3,49.7,189
2011-11-30,49.1,49.3,49.05,49.3,23
2011-12-01,50.3,50.65,50.0,50.05,171
2011-12-02,50.0,51.0,50.0,50.85,1013
2011-12-05,50.9,51.0,50.8,50.8,27207
2011-12-07,50.6,51.8,50.6,51.45,1843
2011-12-08,51.4,51.4,50.4,50.45,455
2011-12-09,50.0,50.5,49.4,50.1,3218
2011-12-12,49.1,49.3,48.8,48.9,9695
2011-12-13,48.65,49.0,48.4,48.8,183
2011-12-14,48.9,49.2,48.8,48.85,339
2011-12-15,48.5,51.9,47.9,50.5,2650
2011-12-16,47.25,49.6,47.0,47.9,3384
2011-12-19,47.0,47.1,46.75,46.9,1735
2011-12-20,47.2,47.5,46.55,46.9,651
2011-12-21,46.6,47.95,46.6,47.55,1391
2011-12-22,47.8,47.9,47.4,47.7,879
2011-12-23,47.95,48.6,47.95,48.15,274
2011-12-26,48.5,48.5,48.3,48.35,424
2011-12-27,48.75,48.8,48.1,48.15,963
2011-12-28,48.45,48.45,47.5,47.65,436
2011-12-29,47.8,48.0,47.5,47.5,273
2011-12-30,47.65,50.5,47.3,50.1,908
2012-01-02,49.0,49.0,47.4,47.5,7803
2012-01-03,48.0,48.45,48.0,48.3,719
2012-01-04,48.6,48.65,48.55,48.6,110
2012-01-05,48.55,48.65,48.3,48.6,67
2012-01-06,48.25,48.25,47.8,48.2,285
2012-01-09,48.5,48.5,48.0,48.3,154
2012-01-10,48.9,49.5,48.85,49.5,5077
2012-01-11,49.6,49.8,49.3,49.6,268
2012-01-12,49.6,49.6,49.25,49.25,55
2012-01-13,49.7,49.7,49.0,49.0,460
2012-01-16,49.1,50.0,49.1,49.5,935
2012-01-17,50.3,50.55,50.2,50.5,269
2012-01-18,50.5,50.8,50.4,50.6,353
2012-01-19,51.05,51.3,50.8,51.3,450
2012-01-20,51.5,51.6,50.8,51.05,16532
2012-01-23,51.0,51.65,51.0,51.45,754
2012-01-24,51.8,52.3,51.6,52.3,1672
2012-01-25,52.6,52.6,52.3,52.3,250
2012-01-27,55.4,55.4,51.8,52.55,19774
2012-01-30,52.5,52.5,50.5,51.6,1733
2012-01-31,51.5,54.0,51.5,52.45,571
2012-02-01,52.5,53.0,52.1,52.75,20275
2012-02-02,53.0,53.7,52.8,52.9,331
2012-02-03,53.5,53.7,53.1,53.7,314
2012-02-06,54.0,55.1,54.0,54.1,1808
2012-02-07,54.6,54.6,53.7,53.9,43537
2012-02-08,54.3,54.9,54.3,54.4,298
2012-02-09,54.4,54.75,54.3,54.65,46
2012-02-10,54.7,55.15,54.5,54.5,14376
2012-02-13,54.2,54.7,54.1,54.55,411
2012-02-14,54.6,54.7,54.5,54.5,134
2012-02-15,54.2,55.7,54.2,55.6,7423
2012-02-16,55.5,55.7,55.0,55.55,250
2012-02-17,56.3,56.5,55.8,56.15,1000
2012-02-21,56.4,56.8,56.2,56.6,906
2012-02-22,56.5,56.6,55.0,55.75,452
2012-02-23,55.5,55.6,55.1,55.3,231
2012-02-24,55.5,55.5,54.5,54.6,308
2012-02-27,54.6,54.6,53.4,53.65,1739
2012-02-28,54.1,54.6,54.0,54.5,140
2012-02-29,54.5,55.7,54.5,54.5,294
2012-03-01,54.4,54.4,53.9,54.0,159
2012-03-02,54.1,54.55,54.1,54.5,1500
2012-03-03,54.5,54.6,54.5,54.6,28
2012-03-05,54.5,54.5,53.7,54.05,8977
2012-03-06,53.6,54.5,53.2,53.5,799
2012-03-07,53.0,53.4,52.9,53.3,143
2012-03-09,54.5,54.5,53.9,54.2,229
2012-03-12,54.5,54.6,54.2,54.2,42
2012-03-13,54.5,54.8,54.5,54.7,98
2012-03-14,55.3,55.5,55.2,55.5,66
2012-03-15,55.9,55.9,54.4,54.45,404
2012-03-16,54.5,56.5,54.0,55.9,454
2012-03-19,55.5,55.5,53.4,53.8,527
2012-03-20,53.8,53.8,53.3,53.55,184
2012-03-21,53.8,54.5,53.7,54.4,62
2012-03-22,54.8,54.8,53.0,53.3,619
2012-03-23,53.6,54.1,53.6,54.1,102
2012-03-26,53.2,53.2,52.0,52.15,514
2012-03-27,58.4,58.4,52.7,52.8,526
2012-03-28,53.0,53.0,52.4,52.4,61
2012-03-29,53.0,53.0,52.5,52.5,28
2012-03-30,53.5,53.6,53.4,53.5,176
2012-04-02,53.5,55.15,53.5,54.1,210
2012-04-03,54.5,54.8,54.45,54.65,719
2012-04-04,55.0,55.0,53.9,54.0,49
2012-04-09,53.4,53.5,52.95,53.25,641
2012-04-10,54.0,54.0,53.35,53.35,45
2012-04-11,54.5,54.5,52.5,53.1,249
2012-04-12,53.6,53.7,53.5,53.7,134
2012-04-13,53.8,54.2,53.6,54.1,571
2012-04-16,52.9,53.1,52.75,53.1,308
2012-04-17,53.1,55.0,53.1,53.65,152
2012-04-18,54.1,54.4,54.0,54.4,51423
2012-04-19,54.0,54.4,53.6,54.3,7760
2012-04-20,54.3,54.3,54.0,54.0,182
2012-04-23,54.2,54.2,53.4,53.85,1946
2012-04-24,54.5,54.5,52.9,53.75,871
2012-04-25,54.0,54.0,53.4,53.5,638
2012-04-26,54.0,54.0,52.8,52.85,1113
2012-04-27,53.1,53.1,52.6,52.65,5700
2012-04-30,53.2,53.3,53.1,53.1,327
2012-05-02,53.7,53.7,53.5,53.5,86
2012-05-03,53.1,53.1,52.8,52.8,67
2012-05-04,52.75,56.5,51.5,52.0,832
2012-05-07,51.1,53.0,51.0,52.6,3856
2012-05-08,52.6,52.6,51.0,51.35,1097
2012-05-09,51.1,51.8,51.0,51.0,1253
2012-05-10,51.1,51.5,50.8,50.8,131
2012-05-11,50.8,51.2,50.5,50.8,327
2012-05-14,50.8,50.8,50.1,50.3,409
2012-05-15,50.4,50.9,50.3,50.6,117
2012-05-16,50.0,50.0,49.2,49.4,41242
2012-05-17,49.5,50.4,49.5,50.3,154
2012-05-18,49.9,50.0,48.6,49.9,1287
2012-05-21,50.3,50.3,49.4,49.55,412
2012-05-22,49.6,49.7,49.4,49.55,387263
2012-05-23,49.3,49.6,49.3,49.35,264
2012-05-24,49.4,50.6,49.4,50.35,674
2012-05-25,50.0,50.5,50.0,50.0,207
2012-05-28,51.0,51.2,50.8,50.95,271
2012-05-29,51.1,51.4,51.1,51.3,126
2012-05-30,51.1,51.1,50.6,50.6,3443
2012-05-31,50.5,53.8,50.0,50.25,133
2012-06-01,50.5,50.5,49.5,49.5,100
2012-06-04,49.5,49.5,48.9,49.4,394
2012-06-05,49.9,50.0,49.9,49.9,19
2012-06-06,50.1,50.6,50.1,50.6,307
2012-06-07,51.3,51.7,51.2,51.6,51
2012-06-08,51.6,51.6,50.8,51.55,809
2012-06-11,52.15,52.2,51.75,51.75,1607
2012-06-12,51.4,52.2,51.1,51.95,257
2012-06-13,51.9,51.9,51.7,51.7,272
2012-06-14,52.2,52.2,51.9,51.9,172
2012-06-15,51.9,52.5,51.8,51.95,220
2012-06-18,53.0,53.0,51.9,52.0,371
2012-06-19,51.8,52.2,51.7,52.2,43
2012-06-20,52.2,52.6,51.95,52.05,257
2012-06-21,51.8,52.0,51.8,51.9,50
2012-06-22,52.0,52.3,52.0,52.0,213
2012-06-25,52.1,53.2,52.1,53.0,394
2012-06-26,52.2,52.6,51.9,51.9,46898
2012-06-27,52.1,52.3,52.0,52.15,94
2012-06-28,52.1,52.5,52.1,52.5,139
2012-06-29,52.5,54.0,52.5,53.45,831
2012-07-02,53.6,53.7,53.4,53.4,260
2012-07-03,53.8,53.9,53.1,53.2,1043
2012-07-04,53.9,54.1,53.6,54.1,528
2012-07-05,53.9,54.3,53.7,54.3,509
2012-07-06,54.0,54.3,53.9,54.2,383
2012-07-09,54.0,54.0,53.45,53.45,30
2012-07-10,53.6,54.0,53.6,54.0,144
2012-07-11,54.0,54.05,53.9,53.9,1038
2012-07-12,53.5,53.5,51.35,53.05,2877
2012-07-13,53.4,53.4,53.1,53.1,399
2012-07-16,53.1,53.2,53.0,53.2,182
2012-07-17,53.5,54.0,52.9,53.1,1472
2012-07-18,53.0,53.0,52.8,53.0,237
2012-07-19,53.5,53.7,53.4,53.5,158
2012-07-20,53.5,53.7,52.8,52.8,4856
2012-07-23,52.6,52.7,52.0,52.1,46
2012-07-24,52.1,52.1,51.9,52.0,205
2012-07-25,52.0,52.1,51.6,52.0,450
2012-07-26,52.1,52.1,51.5,51.5,4
2012-07-27,52.0,52.4,51.8,51.8,71
2012-07-30,52.5,52.8,52.5,52.8,57
2012-07-31,53.1,53.1,52.2,52.95,547
2012-08-01,53.0,53.2,52.8,52.9,391
2012-08-02,53.0,53.0,52.9,52.9,18
2012-08-03,52.3,52.6,52.1,52.6,215650
2012-08-06,53.5,53.9,53.0,53.9,486
2012-08-07,53.9,54.3,53.6,54.15,2680
2012-08-08,54.3,54.6,54.1,54.2,157
2012-08-09,54.05,54.7,53.9,53.9,210853
2012-08-10,53.75,53.75,53.7,53.7,39047
2012-08-13,53.7,53.7,53.7,53.7,244
2012-08-14,53.7,54.1,53.5,53.9,642
2012-08-16,54.1,54.6,54.0,54.6,238
2012-08-17,55.0,55.5,53.8,53.95,124
2012-08-21,54.5,54.7,54.5,54.5,260
2012-08-22,54.5,54.5,54.4,54.4,48
2012-08-23,54.8,54.8,54.4,54.75,124
2012-08-24,54.6,54.6,54.0,54.0,85
2012-08-27,54.0,54.1,54.0,54.1,17
2012-08-28,53.9,53.9,53.7,53.9,122
2012-08-29,53.9,54.0,53.4,53.65,80
2012-08-30,53.5,53.7,53.5,53.7,32
2012-08-31,53.55,53.6,53.4,53.6,16
2012-09-03,53.45,54.0,50.0,53.4,242
2012-09-04,53.3,53.3,53.0,53.1,3757
2012-09-05,53.1,53.1,52.6,52.8,473
2012-09-06,52.8,52.9,52.2,52.3,142
2012-09-07,53.5,53.8,53.4,53.7,217
2012-09-10,54.0,54.4,54.0,54.1,9873
2012-09-11,53.95,54.0,53.6,54.0,212
2012-09-12,54.3,54.3,54.0,54.05,735
2012-09-13,54.3,54.4,54.0,54.0,73
2012-09-14,55.2,60.5,55.0,55.2,1386
2012-09-17,58.6,58.6,57.4,58.1,2133
2012-09-18,57.5,58.1,56.8,56.85,250
2012-09-20,56.0,56.8,55.6,56.5,91
2012-09-21,57.0,58.0,56.8,57.4,94
2012-09-24,58.0,58.3,57.6,58.25,473
2012-09-25,58.5,58.6,57.5,58.5,280
2012-09-26,57.5,57.7,57.5,57.6,9426
2012-09-27,57.1,58.1,57.0,58.0,70374
2012-09-28,58.1,58.3,57.7,58.1,2323
2012-10-01,58.0,58.4,57.7,58.4,103
2012-10-03,58.2,58.7,57.8,58.7,183
2012-10-04,58.7,60.2,58.6,58.6,308
2012-10-05,58.8,59.4,56.7,58.7,3197
2012-10-08,58.7,59.0,58.0,58.2,364
2012-10-09,59.0,59.0,57.6,58.1,20373
2012-10-10,58.1,58.25,57.6,58.25,211750
2012-10-11,58.0,58.3,57.8,58.05,135
2012-10-12,58.2,58.4,58.2,58.2,145
2012-10-15,58.0,58.1,57.8,58.1,44
2012-10-16,58.4,58.9,58.0,58.4,158
2012-10-17,58.4,58.4,57.9,57.95,265
2012-10-18,58.2,58.45,58.1,58.2,105622
2012-10-19,58.1,58.4,57.95,58.15,242
2012-10-22,58.0,58.2,58.0,58.05,100
2012-10-23,58.3,58.35,58.1,58.3,290
2012-10-25,58.25,58.4,58.2,58.4,205
2012-10-26,58.25,58.25,57.6,57.6,68052
2012-10-29,58.0,58.1,57.75,57.75,41
2012-10-30,57.8,57.8,56.9,57.2,317
2012-10-31,57.0,57.9,57.0,57.05,305
2012-11-01,57.2,57.3,57.15,57.25,19
2012-11-02,57.9,58.1,57.8,57.9,70474
2012-11-05,58.2,58.3,57.95,58.2,2881
2012-11-06,58.0,58.5,58.0,58.3,2731
2012-11-07,58.4,58.8,58.4,58.7,2625
2012-11-08,58.2,58.8,58.2,58.6,2486
2012-11-09,58.6,58.8,58.0,58.3,4603
2012-11-12,58.1,58.2,57.85,58.0,353470
2012-11-13,58.3,58.95,57.6,58.05,3156
2012-11-15,67.0,67.0,57.8,57.85,5412
2012-11-16,59.5,59.5,56.3,57.5,74486
2012-11-19,58.0,58.5,57.4,57.4,6664
2012-11-20,57.8,57.85,56.7,57.0,7167
2012-11-21,57.2,58.2,57.0,57.4,8802
2012-11-22,57.3,58.1,57.3,57.7,4624
2012-11-23,57.8,58.2,57.4,57.4,5038
2012-11-26,58.4,58.4,57.3,57.65,12209
2012-11-27,58.0,59.1,58.0,58.55,5688
2012-11-29,58.9,59.3,58.9,59.25,9621
2012-11-30,59.5,60.0,59.4,59.7,9482
2012-12-03,59.7,60.0,59.5,59.7,13082
2012-12-04,59.8,60.4,59.7,60.0,8866
2012-12-05,60.1,60.5,59.9,60.05,10192
2012-12-06,60.2,60.2,59.65,60.15,9674
2012-12-07,60.1,60.3,59.6,60.1,9750
2012-12-10,60.2,60.3,60.0,60.1,10119
2012-12-11,60.3,61.2,59.8,60.1,10886
2012-12-12,60.3,60.4,60.0,60.4,9517
2012-12-13,60.3,60.3,59.5,59.8,45222
2012-12-14,59.9,59.9,59.5,59.85,9191
2012-12-17,59.85,60.0,59.6,59.65,9124
2012-12-18,59.9,60.3,59.4,59.95,9524
2012-12-19,60.3,60.5,60.2,60.35,9400
2012-12-20,60.4,60.4,59.9,59.9,9277
2012-12-21,59.8,60.1,59.45,59.8,15988
2012-12-24,59.9,60.1,59.6,59.8,8071
2012-12-26,59.7,60.3,59.7,60.1,5152
2012-12-27,60.4,60.4,60.0,60.0,6985
2012-12-28,59.9,60.4,59.8,59.85,8058
2012-12-31,60.3,60.4,60.2,60.3,6754
2013-01-01,60.2,69.0,60.2,60.45,8088
2013-01-02,60.8,61.0,60.6,60.7,7850
2013-01-03,61.15,61.5,61.0,61.3,8484
2013-01-04,61.1,61.5,61.0,61.05,14460
2013-01-07,61.4,61.5,61.1,61.3,7490
2013-01-08,61.1,61.3,60.75,61.1,7415
2013-01-09,61.1,61.5,61.1,61.1,7511
2013-01-10,61.2,61.2,61.1,61.15,6849
2013-01-11,61.5,61.5,61.0,61.35,6865
2013-01-14,61.0,61.0,60.8,60.8,6698
2013-01-15,61.3,61.8,61.2,61.5,14424
2013-01-16,61.5,63.3,61.4,61.6,8003
2013-01-17,61.4,61.8,61.35,61.8,6763
2013-01-18,61.8,61.9,61.7,61.75,6849
2013-01-21,61.8,62.1,61.6,61.7,7203
2013-01-22,61.9,62.1,61.8,61.9,7740
2013-01-23,61.85,61.9,61.0,61.2,21697
2013-01-24,61.3,61.35,61.0,61.2,7197
2013-01-25,61.2,62.45,61.2,61.4,6846
2013-01-28,61.8,61.85,61.7,61.7,5938
2013-01-29,61.7,62.1,61.7,61.8,8922
2013-01-30,61.8,61.8,61.4,61.55,18230
2013-01-31,61.6,61.6,61.5,61.6,6844
2013-02-01,62.0,62.0,61.1,61.3,8066
2013-02-04,61.35,61.35,61.0,61.05,6905
2013-02-05,60.7,61.0,60.55,60.6,7920
2013-02-06,60.85,61.5,60.65,60.7,7300
2013-02-07,60.5,61.65,60.3,60.4,7387
2013-02-08,60.7,60.7,60.35,60.35,6864
2013-02-11,60.0,60.55,59.95,60.2,7031
2013-02-12,60.0,60.8,60.0,60.6,7289
2013-02-13,60.5,60.65,60.5,60.55,32
2013-02-14,60.5,60.9,60.35,60.35,378
2013-02-15,60.0,60.0,59.6,60.0,34401
2013-02-18,59.95,60.1,59.5,60.1,659
2013-02-19,60.0,60.5,59.9,60.3,232
2013-02-20,60.15,60.7,60.15,60.55,389
2013-02-21,60.0,60.15,60.0,60.1,223
2013-02-22,59.5,60.5,59.5,60.15,6875
2013-02-25,60.1,60.75,59.6,59.9,600
2013-02-26,59.5,59.55,59.0,59.4,1015
2013-02-27,59.4,59.4,59.25,59.4,151
2013-02-28,59.5,59.7,58.5,58.7,3083
2013-03-01,58.55,58.7,58.0,58.7,1202
2013-03-04,58.3,58.9,52.65,58.6,6473
2013-03-05,58.4,58.8,58.4,58.8,548
2013-03-06,59.0,59.6,59.0,59.45,36817
2013-03-07,60.0,60.0,59.25,59.3,597
2013-03-08,59.8,60.4,59.8,60.3,504
2013-03-11,60.3,60.35,60.2,60.3,222
2013-03-12,60.4,60.5,60.1,60.2,3549
2013-03-13,59.9,60.0,59.8,59.95,93
2013-03-14,59.6,59.95,59.6,59.95,27
2013-03-15,59.8,60.5,59.8,59.8,92
2013-03-18,59.2,59.5,59.0,59.4,57
2013-03-19,59.6,59.6,58.7,58.9,5569
2013-03-20,58.85,59.2,58.6,58.6,647
2013-03-21,58.75,59.3,58.2,58.45,4468
2013-03-22,58.5,58.8,58.0,58.5,1313
2013-03-25,58.5,59.3,57.9,58.15,7706
2013-03-26,58.5,58.8,57.6,58.25,1062
2013-03-28,58.5,59.5,57.5,58.95,18588
2013-04-01,58.6,59.2,58.5,58.8,447
2013-04-02,58.6,59.2,58.6,59.0,803
2013-04-03,58.8,59.2,58.3,58.45,424
2013-04-04,58.5,58.5,57.0,57.5,320
2013-04-05,57.4,58.5,57.1,57.65,4728
2013-04-08,57.2,57.55,57.2,57.3,606
2013-04-09,57.3,57.9,56.8,56.9,668
2013-04-10,57.1,57.35,56.7,57.3,597
2013-04-11,57.6,57.8,57.4,57.7,1166
2013-04-12,57.0,58.6,57.0,57.3,1096
2013-04-15,56.7,57.6,56.6,57.6,364
2013-04-16,57.1,58.3,57.1,58.2,429
2013-04-17,58.6,58.7,58.1,58.3,327
2013-04-18,58.2,59.5,57.7,59.2,275
2013-04-22,59.3,59.75,59.3,59.7,3223
2013-04-23,59.6,59.7,59.2,59.7,593
2013-04-25,59.7,60.3,59.7,60.2,4109
2013-04-26,60.1,60.25,59.8,60.0,301
2013-04-29,60.4,60.5,60.2,60.3,1136
2013-04-30,61.2,61.2,60.0,60.3,1654
2013-05-02,60.45,61.5,60.3,61.0,786
2013-05-03,61.0,61.35,60.5,61.05,1016
2013-05-06,61.1,61.15,60.7,61.0,139
2013-05-07,60.5,61.0,60.5,60.75,5378
2013-05-08,60.7,60.8,60.4,60.7,749
2013-05-09,60.8,61.05,60.6,60.8,902
2013-05-10,60.8,61.3,60.75,61.15,513
2013-05-11,61.2,61.2,61.0,61.1,555
2013-05-13,61.1,61.1,60.55,60.55,2972
2013-05-14,60.4,60.4,60.1,60.35,96
2013-05-15,60.4,62.1,60.1,61.0,7504
2013-05-16,61.5,61.9,61.3,61.65,523
2013-05-17,61.55,61.8,61.0,61.6,9718
2013-05-20,62.0,62.0,61.3,61.3,757
2013-05-21,61.4,62.0,61.25,61.3,1612
2013-05-22,61.5,61.5,60.9,60.95,51
2013-05-23,60.5,60.5,59.5,59.7,7763
2013-05-24,60.1,60.6,59.8,60.0,295
2013-05-27,60.1,61.0,60.1,60.65,272
2013-05-28,60.8,61.3,60.6,61.05,376
2013-05-29,61.1,61.1,60.8,60.8,43
2013-05-30,60.8,61.0,60.8,61.0,41
2013-05-31,60.8,60.8,60.55,60.65,647
2013-06-03,60.0,60.6,59.95,60.2,235
2013-06-04,59.8,60.3,59.8,59.9,140
2013-06-05,59.5,60.2,59.0,59.6,451
2013-06-06,59.5,59.65,59.2,59.65,88
2013-06-07,59.4,60.1,59.4,59.5,125
2013-06-10,59.9,60.1,59.2,59.4,149
2013-06-11,59.0,59.3,58.55,58.85,181
2013-06-12,58.6,58.6,57.8,58.05,662
2013-06-13,57.5,57.5,57.45,57.5,148
2013-06-14,58.0,59.2,58.0,58.25,287
2013-06-17,58.5,59.6,58.2,59.55,188
2013-06-18,59.5,59.6,58.5,58.9,86
2013-06-19,58.6,59.0,58.5,58.5,164
2013-06-20,58.3,59.15,57.5,57.85,1248
2013-06-21,57.5,58.65,57.4,57.5,880
2013-06-24,58.5,59.0,56.75,56.95,5670
2013-06-25,57.15,57.4,56.7,56.95,128
2013-06-26,57.0,57.0,56.9,56.9,71
2013-06-27,57.45,57.8,57.4,57.8,2419
2013-06-28,58.0,59.5,58.0,58.9,420
2013-07-01,59.5,59.6,59.3,59.6,79
2013-07-02,59.7,59.9,59.5,59.7,103
2013-07-03,59.0,59.0,58.7,58.8,35
2013-07-04,59.1,59.4,59.0,59.3,84
2013-07-05,59.9,67.0,59.6,62.5,445
2013-07-08,62.5,65.0,59.0,59.15,452
2013-07-09,59.3,59.5,59.3,59.4,90
2013-07-10,59.7,59.8,59.0,59.3,83
2013-07-11,60.1,60.1,59.6,59.8,701
2013-07-12,60.5,60.9,60.0,60.55,1065
2013-07-15,61.5,61.5,60.8,61.25,156
2013-07-16,60.1,60.7,60.1,60.45,110
2013-07-17,60.9,61.0,60.3,60.55,94
2013-07-18,61.3,61.4,60.7,61.4,94
2013-07-19,61.6,61.6,61.4,61.45,321
2013-07-22,61.0,61.55,61.0,61.4,793
2013-07-23,61.5,62.3,61.2,61.6,5391
2013-07-24,61.45,61.55,60.4,60.45,29998
2013-07-25,60.5,60.85,60.2,60.35,23025
2013-07-26,60.45,60.5,59.9,60.1,5340
2013-07-29,59.9,60.0,59.3,59.55,400
2013-07-30,59.55,59.55,58.8,58.8,191
2013-07-31,58.5,59.5,58.0,58.9,193
2013-08-01,59.0,59.0,58.2,58.45,862
2013-08-02,58.2,60.65,57.9,59.05,3084
2013-08-05,59.5,60.5,57.9,58.1,203
2013-08-06,57.9,58.0,56.5,57.0,1235
2013-08-07,56.8,57.0,56.5,57.0,409
2013-08-08,56.9,57.1,56.7,57.05,629
2013-08-12,57.1,57.8,56.9,57.25,1033
2013-08-13,57.1,57.95,57.05,57.9,144
2013-08-14,58.0,58.5,57.9,58.2,129
2013-08-16,58.0,60.0,56.1,57.3,673
2013-08-19,58.0,58.0,55.1,55.6,776
2013-08-20,54.6,56.5,54.5,55.85,2012
2013-08-21,55.1,56.9,54.8,55.3,565
2013-08-22,54.7,55.5,54.0,54.75,557
2013-08-23,53.0,55.6,52.2,55.5,373
2013-08-26,56.0,56.4,55.9,56.0,87
2013-08-27,56.3,56.7,54.3,54.3,1250
2013-08-28,53.4,55.45,53.3,53.85,491
2013-08-29,54.2,55.65,54.1,55.1,723
2013-08-30,54.85,56.7,54.8,55.85,1397
2013-09-02,57.0,57.3,55.0,55.9,370
2013-09-03,56.0,56.5,54.5,54.7,392
2013-09-04,54.3,55.7,54.2,55.65,1747
2013-09-05,56.6,57.1,56.6,56.7,193
2013-09-06,57.0,58.0,56.8,57.85,1128
2013-09-10,57.8,59.8,57.0,59.6,2393
2013-09-11,59.4,60.0,59.2,59.8,23787
2013-09-12,59.8,59.9,58.9,59.1,6836
2013-09-13,59.0,59.7,58.9,59.65,61
2013-09-16,60.0,60.7,59.2,59.65,1110
2013-09-17,59.3,59.7,59.0,59.3,522
2013-09-18,59.3,60.0,58.9,59.95,1325
2013-09-19,60.0,61.8,60.0,61.6,2057
2013-09-20,61.6,61.6,60.4,61.0,923
2013-09-23,60.65,60.9,59.8,59.9,911
2013-09-24,59.6,60.45,59.6,60.35,430
2013-09-25,60.1,60.1,59.2,60.0,172
2013-09-26,59.9,60.3,59.85,60.25,992
2013-09-27,60.35,60.35,59.5,59.55,311
2013-09-30,60.0,60.0,58.5,58.5,321
2013-10-01,59.0,59.0,58.4,58.5,105
2013-10-03,58.5,60.1,58.5,59.9,1265
2013-10-04,60.0,60.6,58.85,59.7,1409
2013-10-07,60.2,60.3,59.9,60.05,587
2013-10-08,60.0,60.9,60.0,60.4,414
2013-10-09,60.0,61.2,60.0,61.0,438
2013-10-10,61.2,61.45,60.9,61.4,1772
2013-10-11,61.6,62.3,61.5,61.95,419
2013-10-14,62.0,62.25,62.0,62.2,103
2013-10-15,62.0,62.35,61.8,62.0,371
2013-10-17,62.0,62.1,61.5,61.55,291
2013-10-18,61.9,63.0,61.9,62.6,1601
2013-10-21,63.2,63.25,62.9,63.05,293
2013-10-22,63.1,63.15,63.0,63.1,635
2013-10-23,63.15,63.2,62.5,62.5,576
2013-10-24,63.1,63.6,62.6,62.75,231
2013-10-25,62.8,62.8,62.7,62.7,124
2013-10-28,63.0,63.0,62.0,62.3,273
2013-10-29,62.0,63.4,62.0,63.3,933
2013-10-30,63.3,63.6,62.7,63.5,333
2013-10-31,62.5,65.0,62.5,64.2,740
2013-11-01,64.5,64.55,64.4,64.4,1104
2013-11-03,51.55,64.8,51.55,64.75,1463
2013-11-05,64.8,64.8,63.95,64.0,1154
2013-11-06,64.1,64.1,63.6,63.6,1284
2013-11-07,63.6,64.35,63.4,63.4,5132
2013-11-08,63.65,63.65,62.25,62.95,2478
2013-11-11,64.0,68.0,61.85,62.45,244
2013-11-12,62.5,62.5,61.6,61.65,183
2013-11-13,61.65,61.8,61.2,61.25,33
2013-11-14,62.6,62.6,61.8,61.8,298
2013-11-18,62.25,62.8,62.25,62.65,258
2013-11-19,63.2,63.3,63.2,63.2,110
2013-11-20,63.0,63.1,62.5,62.7,53
2013-11-21,62.0,62.0,61.0,61.5,5073
2013-11-22,61.55,61.6,61.2,61.2,2705
2013-11-25,61.8,62.0,61.6,61.8,912
2013-11-26,61.9,62.45,61.75,61.75,122
2013-11-27,68.9,68.9,61.75,61.75,187
2013-11-28,62.05,62.25,62.0,62.2,34
2013-11-29,62.2,63.05,62.2,62.95,232
2013-12-02,63.2,63.6,63.1,63.6,742
2013-12-03,63.3,63.3,63.2,63.2,1056
2013-12-04,63.0,63.2,63.0,63.05,207
2013-12-05,64.0,64.0,63.4,63.7,222
2013-12-06,63.4,63.8,63.3,63.8,198
2013-12-09,64.0,65.0,64.0,64.65,634
2013-12-10,64.6,64.7,64.2,64.5,2062
2013-12-11,64.1,64.4,64.1,64.4,308
2013-12-12,64.0,64.0,63.6,63.75,369
2013-12-13,64.0,65.2,63.1,63.1,706
2013-12-16,63.5,63.5,62.7,62.75,339
2013-12-17,62.9,63.0,62.8,62.8,145
2013-12-18,62.5,63.35,62.5,63.3,111
2013-12-19,63.1,63.1,62.6,63.0,436
2013-12-20,63.0,64.0,63.0,63.8,372
2013-12-23,64.15,64.15,64.1,64.15,58
2013-12-24,64.1,64.1,64.0,64.0,241
2013-12-26,63.9,64.3,63.9,64.25,492
2013-12-27,64.3,64.4,64.2,64.3,691
2013-12-30,64.3,64.45,64.2,64.25,355
2013-12-31,64.2,64.3,64.2,64.2,216
2014-01-01,64.25,64.4,64.1,64.1,99
2014-01-02,64.2,64.75,63.6,63.6,1417
2014-01-03,63.5,63.5,62.6,63.1,97
2014-01-06,63.0,63.6,62.9,63.05,1032
2014-01-07,63.3,63.3,62.9,62.9,304
2014-01-08,63.0,63.0,62.95,63.0,77
2014-01-09,63.1,63.2,63.0,63.2,205
2014-01-10,63.0,63.5,62.9,63.4,468
2014-01-13,63.6,63.9,63.6,63.7,434
2014-01-14,63.8,64.0,63.65,63.8,160
2014-01-15,63.65,64.3,63.65,64.2,189
2014-01-16,64.45,64.45,64.35,64.35,38
2014-01-17,64.1,64.4,64.05,64.15,823
2014-01-20,63.6,64.2,63.6,64.1,178
2014-01-21,64.1,64.4,64.1,64.3,2484
2014-01-22,64.0,64.7,63.5,63.7,1821
2014-01-23,63.5,63.6,63.5,63.5,2053
2014-01-24,63.4,64.5,62.9,62.95,619
2014-01-27,62.8,62.8,61.85,61.85,5819
2014-01-28,61.7,61.75,61.2,61.5,1580
2014-01-29,61.75,61.95,61.5,61.6,1609
2014-01-30,61.5,61.5,60.7,60.75,709
2014-01-31,56.0,61.25,56.0,61.2,1018
2014-02-03,61.1,61.1,60.15,60.3,1613
2014-02-04,60.0,60.2,59.9,60.2,5899
2014-02-05,60.2,60.5,60.0,60.5,2016
2014-02-06,60.5,60.7,60.0,60.4,6754
2014-02-07,60.8,60.95,60.7,60.8,10802
2014-02-10,60.9,61.1,60.8,60.8,330
2014-02-11,60.9,60.9,60.8,60.8,531
2014-02-12,61.5,61.7,60.0,61.2,350
2014-02-13,60.9,60.9,60.6,60.6,55
2014-02-14,60.5,60.7,60.15,60.65,3032
2014-02-17,61.0,61.0,60.75,60.9,672
2014-02-18,61.5,62.2,61.1,61.55,1563
2014-02-19,61.5,61.6,61.5,61.55,138
2014-02-20,61.5,61.6,61.3,61.45,53951
2014-02-21,61.5,61.6,61.5,61.55,151
2014-02-24,61.6,62.1,61.6,62.1,585
2014-02-25,62.0,62.25,62.0,62.25,1564
2014-02-26,50.05,62.55,50.05,62.55,704
2014-02-28,62.65,63.0,62.65,63.0,214
2014-03-03,63.0,63.0,62.4,62.4,591
2014-03-04,62.5,63.1,62.5,63.1,1814
2014-03-05,63.35,63.5,63.05,63.45,1359
2014-03-06,63.65,64.2,63.65,64.15,1315
2014-03-07,64.7,65.55,64.6,65.55,3863
2014-03-10,65.5,65.9,65.35,65.85,7300
2014-03-11,65.8,65.8,65.4,65.4,1479
2014-03-12,65.45,65.65,65.3,65.6,3069
2014-03-13,65.75,66.25,65.75,65.85,2055
2014-03-14,65.0,65.5,64.9,65.5,210
2014-03-18,66.0,66.0,65.6,65.6,463
2014-03-19,65.65,65.75,65.6,65.75,937
2014-03-20,65.45,65.45,65.35,65.4,265
2014-03-21,65.6,65.6,65.3,65.3,136
2014-03-24,66.0,66.5,65.75,66.1,1239
2014-03-25,66.2,66.2,65.95,66.15,1667
2014-03-26,66.5,66.6,66.3,66.35,1650
2014-03-27,66.4,66.8,66.4,66.75,249
2014-03-28,66.9,67.3,66.9,67.25,1389
2014-03-31,67.6,67.6,67.1,67.5,824
2014-04-01,67.5,67.55,67.25,67.55,1245
2014-04-02,67.8,67.8,67.5,67.75,1844
2014-04-03,68.0,68.0,67.4,67.5,123
2014-04-04,67.5,67.5,67.3,67.3,750
2014-04-07,67.5,67.5,67.1,67.15,653
2014-04-09,67.4,68.2,67.4,68.05,1676
2014-04-10,68.5,68.5,68.3,68.4,1558
2014-04-11,68.0,68.1,67.95,68.0,362
2014-04-15,68.0,68.0,67.45,67.7,2121
2014-04-16,67.7,67.7,67.3,67.3,313
2014-04-17,67.3,68.6,67.3,67.95,3026
2014-04-21,68.0,68.5,68.0,68.45,850
2014-04-22,68.55,68.65,68.45,68.55,801
2014-04-23,68.7,68.8,68.6,68.7,1027
2014-04-25,68.5,68.7,68.1,68.15,879
2014-04-28,68.1,68.15,67.9,68.1,1344
2014-04-29,68.1,68.1,67.4,67.4,3210
2014-04-30,67.9,68.15,67.05,67.55,6242
2014-05-02,67.65,68.8,67.45,67.65,61320
2014-05-05,67.6,67.95,67.3,67.75,36668
2014-05-06,67.7,68.2,67.45,67.65,18238
2014-05-07,54.1,68.0,54.1,67.05,16257
2014-05-08,54.1,67.3,54.1,67.2,14981
2014-05-09,62.5,69.7,62.5,69.0,30987
2014-05-12,77.0,77.0,69.2,69.95,31040
2014-05-13,65.5,71.65,65.5,71.15,24418
2014-05-14,71.1,71.25,70.0,71.2,16689
2014-05-15,67.0,71.45,67.0,71.2,4902
2014-05-16,72.5,85.0,71.7,72.0,34565
2014-05-19,71.55,72.8,71.5,72.5,75333
2014-05-20,72.7,72.75,72.1,72.2,24129
2014-05-21,71.65,72.6,71.65,72.35,31330
2014-05-22,72.3,72.75,72.2,72.45,173072
2014-05-23,72.5,74.0,72.5,73.7,19315
2014-05-26,74.3,74.7,72.8,73.5,8317
2014-05-27,73.05,73.4,72.9,73.4,5253
2014-05-28,73.3,73.4,73.15,73.35,2900
2014-05-29,63.55,73.2,63.55,72.55,4024
2014-05-30,72.6,72.9,72.35,72.35,1240
2014-06-02,72.35,73.75,72.35,73.7,7133
2014-06-03,63.55,74.4,63.55,74.05,4731
2014-06-04,73.45,74.4,73.45,74.0,2326
2014-06-05,75.5,75.5,73.75,74.8,4718
2014-06-06,75.15,76.0,75.1,75.85,7926
2014-06-09,78.5,78.5,76.2,76.8,7395
2014-06-10,76.5,76.9,75.95,76.7,10450
2014-06-11,76.85,77.2,76.25,76.45,8827
2014-06-12,73.55,77.1,73.55,76.7,35451
2014-06-13,77.0,77.35,75.8,75.9,5114
2014-06-16,76.0,76.05,75.5,75.85,4068
2014-06-17,75.9,76.8,75.6,76.7,2692
2014-06-18,70.7,77.2,70.7,76.65,7888
2014-06-19,77.0,77.0,75.5,75.55,6388
2014-06-20,75.75,75.8,75.4,75.55,1914
2014-06-23,75.4,75.65,75.0,75.6,1908
2014-06-24,76.0,76.4,76.0,76.1,6517
2014-06-25,76.15,76.2,76.05,76.15,316
2014-06-26,76.5,76.5,75.55,75.55,1326
2014-06-27,76.0,76.0,75.65,75.7,1681
2014-06-30,76.05,76.65,76.05,76.6,681
2014-07-01,76.95,76.95,76.8,76.8,1432
2014-07-02,77.0,78.0,77.0,77.65,3166
2014-07-03,77.5,78.1,77.5,77.75,3789
2014-07-04,77.8,77.8,77.3,77.6,4341
2014-07-07,78.3,78.8,78.15,78.8,34081
2014-07-08,78.7,78.8,76.5,77.05,6235
2014-07-09,77.2,77.2,76.3,76.55,5741
2014-07-10,76.6,78.4,75.9,76.35,38463
2014-07-11,76.4,76.6,75.35,75.55,2522
2014-07-14,75.4,75.45,74.95,75.15,6170
2014-07-15,75.65,75.95,75.3,75.8,10503
2014-07-16,76.15,77.0,76.0,76.6,11042
2014-07-17,77.0,77.2,76.8,77.05,5223
2014-07-18,76.0,77.45,75.5,77.25,11235
2014-07-21,77.8,77.8,77.55,77.6,3290
2014-07-22,77.8,78.5,77.8,78.35,4127
2014-07-23,78.75,78.8,78.45,78.7,2281
2014-07-24,78.9,79.1,78.65,79.0,4373
2014-07-25,79.0,79.0,78.2,78.85,43244
2014-07-28,78.0,79.5,77.6,78.2,3197
2014-07-30,78.2,79.0,78.2,78.9,2923
2014-07-31,78.9,79.25,78.25,78.8,21600
2014-08-01,77.8,78.15,77.2,77.2,3719
2014-08-04,77.45,78.0,77.3,77.8,5478
2014-08-05,77.95,78.35,77.4,78.2,10322
2014-08-06,78.0,78.25,77.0,77.3,11736
2014-08-07,77.3,77.5,76.7,77.0,17055
2014-08-08,76.45,76.45,76.25,76.4,7569
2014-08-11,76.4,77.3,76.4,77.15,11382
2014-08-12,77.45,78.25,77.35,78.0,6538
2014-08-13,78.0,78.2,77.8,78.15,13107
2014-08-14,78.2,78.85,78.2,78.75,2722
2014-08-18,79.0,79.4,78.75,79.3,5490
2014-08-19,79.7,79.9,79.6,79.75,6099
2014-08-20,79.7,79.8,79.5,79.65,3922
2014-08-21,79.5,80.1,79.0,79.9,18731
2014-08-22,79.25,80.5,79.2,79.9,6965
2014-08-25,80.35,80.65,80.05,80.3,18275
2014-08-26,79.9,80.5,79.75,79.95,12763
2014-08-27,80.4,80.45,80.2,80.3,1170
2014-08-28,80.5,80.6,80.35,80.45,2592
2014-09-01,80.4,81.4,80.4,81.3,5711
2014-09-02,81.35,81.65,81.3,81.55,15594
2014-09-03,81.75,82.1,81.65,81.8,69006
2014-09-04,82.2,82.2,81.2,81.8,6917
2014-09-05,81.8,81.9,81.3,81.65,8826
2014-09-08,82.1,82.4,82.0,82.35,4852
2014-09-09,82.25,82.4,82.1,82.3,4961
2014-09-10,82.0,82.1,81.8,81.95,1171
2014-09-11,82.0,82.1,81.5,82.0,4068
2014-09-12,82.0,82.05,81.5,81.95,3434
2014-09-15,81.9,81.9,81.3,81.4,1906
2014-09-16,81.3,81.4,80.45,80.5,3547
2014-09-17,80.8,80.95,80.5,80.9,3012
2014-09-18,80.7,82.4,80.7,82.1,4815
2014-09-19,82.1,82.75,81.9,82.2,3296
2014-09-22,81.95,82.45,81.75,82.25,1904
2014-09-23,82.4,82.5,81.05,81.25,3003
2014-09-24,81.2,81.6,80.85,81.2,3801
2014-09-25,81.2,81.2,80.15,80.3,2499
2014-09-26,80.3,81.45,79.8,80.95,3441
2014-09-29,80.9,81.2,80.3,80.4,3860
2014-09-30,80.6,81.4,80.25,80.75,20632
2014-10-01,80.7,80.85,80.55,80.8,752
2014-10-07,80.5,81.5,79.45,79.65,3972
2014-10-08,79.5,79.7,79.25,79.5,4943
2014-10-09,80.2,80.6,80.2,80.5,3552
2014-10-10,79.95,80.55,79.6,79.8,13499
2014-10-13,79.5,80.2,79.3,79.9,10530
2014-10-14,80.0,80.0,79.2,79.65,7133
2014-10-16,79.5,79.9,78.7,78.7,8724
2014-10-17,78.7,79.4,78.7,78.85,9835
2014-10-20,79.0,80.15,79.0,80.0,47728
2014-10-21,80.1,81.8,80.0,80.8,88376
2014-10-22,81.3,81.4,81.0,81.3,24337
2014-10-23,81.5,81.8,81.2,81.7,6935
2014-10-27,81.7,81.9,81.2,81.35,20507
2014-10-28,81.6,81.7,81.3,81.6,14510
2014-10-29,81.95,82.2,81.5,82.15,134303
2014-10-30,82.1,82.9,82.0,82.65,14371
2014-10-31,83.0,88.0,83.0,85.05,37697
2014-11-03,84.2,84.65,84.2,84.45,4129
2014-11-05,85.15,85.15,84.45,84.7,5751
2014-11-07,85.5,85.5,84.0,84.6,3062
2014-11-10,84.55,84.8,84.2,84.65,13834
2014-11-11,82.5,84.85,82.5,84.7,11855
2014-11-12,85.0,85.3,84.7,84.75,3477
2014-11-13,85.35,85.35,84.4,84.7,9610
2014-11-14,84.9,85.0,84.6,84.9,6744
2014-11-17,86.3,86.3,84.55,85.3,12653
2014-11-18,86.3,86.3,85.0,85.35,1262
2014-11-19,85.45,85.45,84.5,84.95,1672
2014-11-20,84.95,85.0,84.5,84.95,2369
2014-11-21,84.9,86.0,84.9,85.65,9225
2014-11-24,85.6,85.6,84.0,85.0,161230
2014-11-25,85.0,85.1,84.2,84.35,14946
2014-11-26,84.5,84.85,84.2,84.4,24881
2014-11-27,84.5,84.95,84.05,84.75,18807
2014-11-28,85.25,85.95,85.2,85.5,27563
2014-12-01,84.65,85.75,84.65,85.25,16219
2014-12-02,85.0,85.2,84.25,85.05,11714
2014-12-03,85.0,85.2,84.7,85.05,8568
2014-12-04,85.5,85.6,84.8,85.4,10472
2014-12-05,85.5,85.8,85.3,85.6,15259
2014-12-08,85.8,85.8,84.5,84.6,3529
2014-12-09,84.6,84.6,83.5,83.7,3974
2014-12-10,83.7,84.0,83.5,83.7,3947
2014-12-11,83.4,83.4,82.6,82.75,1878
2014-12-12,82.9,83.2,82.4,82.55,2133
2014-12-15,82.0,82.6,82.0,82.4,3521
2014-12-16,82.5,82.5,81.0,81.35,11702
2014-12-17,80.8,81.0,80.2,80.45,4744
2014-12-18,81.3,81.55,81.0,81.4,6181
2014-12-19,81.4,82.6,81.4,82.25,4774
2014-12-22,82.5,83.4,82.2,83.3,6003
2014-12-23,83.4,83.6,82.6,82.7,4517
2014-12-24,82.7,82.9,81.75,82.15,2017
2014-12-26,82.2,82.3,81.5,81.85,7366
2014-12-29,82.7,82.9,82.4,82.8,4058
2014-12-30,82.05,83.0,82.05,82.65,741
2014-12-31,82.85,83.0,82.65,82.8,4812
2015-01-01,82.8,83.1,82.6,82.95,1262
2015-01-02,83.3,84.0,83.3,83.85,2932
2015-01-05,84.0,84.4,83.4,83.7,5342
2015-01-06,83.4,83.4,81.55,81.85,11251
2015-01-07,81.85,82.0,81.0,81.4,13259
2015-01-08,81.85,82.3,81.65,82.25,5679
2015-01-09,82.5,82.85,82.0,82.75,3736
2015-01-12,82.9,83.5,82.6,83.45,5410
2015-01-13,83.4,83.75,82.8,83.45,13705
2015-01-14,83.75,83.75,82.4,82.95,28640
2015-01-15,83.05,85.1,83.05,85.0,52619
2015-01-16,84.5,85.4,84.5,85.25,4160
2015-01-19,85.3,85.8,85.1,85.75,1829
2015-01-20,86.0,86.9,85.8,86.7,7383
2015-01-21,86.8,87.5,86.7,87.25,14378
2015-01-22,87.6,87.9,87.1,87.55,11304
2015-01-23,87.8,88.6,87.8,88.1,3369
2015-01-27,88.8,88.9,88.0,88.65,10183
2015-01-28,88.7,89.65,88.6,89.3,28062
2015-01-29,88.9,89.4,88.7,89.15,1650
2015-01-30,96.3,96.3,88.05,88.5,3617
2015-02-02,88.1,88.4,87.6,87.95,12961
2015-02-03,89.1,89.1,87.6,88.25,10075
2015-02-04,88.1,88.1,87.0,87.3,19139
2015-02-05,87.4,88.5,87.3,87.4,6054
2015-02-06,87.3,87.4,86.75,86.9,2888
2015-02-09,81.65,86.5,81.65,85.6,3724
2015-02-10,85.1,86.0,84.7,85.5,58632
2015-02-11,86.2,86.4,85.9,86.15,8672
2015-02-12,86.2,87.4,86.0,87.0,38324
2015-02-13,87.5,88.25,87.3,88.05,11398
2015-02-16,88.3,88.8,87.8,88.35,4364
2015-02-18,88.3,89.0,88.1,88.65,11852
2015-02-19,88.7,89.05,88.3,88.95,2750
2015-02-20,88.8,89.0,88.2,88.45,2977
2015-02-23,88.5,88.8,87.5,87.65,2378
2015-02-24,88.0,88.2,87.5,87.7,3610
2015-02-25,88.1,88.6,87.9,88.15,1857
2015-02-26,88.0,88.0,87.1,87.25,2111
2015-02-27,87.6,88.85,87.2,88.55,5147
2015-02-28,88.3,89.7,87.9,89.4,4047
2015-03-02,89.7,89.85,89.2,89.65,3288
2015-03-03,89.5,90.2,89.4,90.0,2626
2015-03-04,90.6,90.9,89.0,89.75,5528
2015-03-05,89.9,89.9,89.2,89.55,2682
2015-03-09,88.9,89.1,87.65,88.05,18841
2015-03-10,88.5,88.5,87.0,87.5,20921
2015-03-11,87.4,87.9,87.2,87.5,4048
2015-03-12,87.7,88.2,87.7,87.95,2942
2015-03-13,88.3,88.65,86.55,87.15,7217
2015-03-16,87.35,87.35,86.5,86.65,1817
2015-03-17,86.7,87.6,86.3,87.4,15563
2015-03-18,87.6,87.75,86.8,87.0,2534
2015-03-19,87.1,88.1,86.3,86.45,10788
2015-03-20,86.3,86.8,85.8,86.0,15823
2015-03-23,86.65,86.65,85.65,85.75,3364
2015-03-24,86.05,86.5,85.5,85.9,10641
2015-03-25,85.7,85.8,85.1,85.3,5650
2015-03-26,85.1,85.3,83.9,84.1,9816
2015-03-27,84.65,84.65,83.4,83.8,9827
2015-03-30,84.0,84.9,84.0,84.8,10238
2015-03-31,85.3,85.6,84.75,85.2,10815
2015-04-01,85.3,86.3,84.85,86.1,22481
2015-04-06,87.4,87.4,85.7,86.95,19930
2015-04-07,87.1,87.2,86.15,86.8,68920
2015-04-08,87.0,87.65,86.9,87.2,13121
2015-04-09,87.4,87.8,87.1,87.55,17836
2015-04-10,87.1,87.85,87.1,87.6,1347
2015-04-13,87.85,88.4,87.7,88.35,3541
2015-04-15,88.3,88.7,87.55,87.9,151008
2015-04-16,87.7,87.7,86.5,87.0,42628
2015-04-17,87.05,87.1,86.15,86.35,25480
2015-04-20,86.3,86.3,85.0,85.4,13873
2015-04-21,85.0,85.6,84.3,84.85,89287
2015-04-22,85.0,85.15,84.0,84.8,44650
2015-04-23,84.35,85.95,84.2,84.65,24338
2015-04-24,84.5,84.6,82.9,83.15,84235
2015-04-27,83.6,83.6,82.3,82.4,48056
2015-04-28,82.7,83.45,82.25,83.3,42644
2015-04-29,83.3,83.7,82.85,83.25,37118
2015-04-30,82.5,83.2,82.2,82.4,44721
2015-05-04,82.85,83.7,82.4,83.5,6739
2015-05-05,85.0,85.0,83.1,83.55,11137
2015-05-06,83.3,83.3,81.5,81.7,9366
2015-05-07,81.85,82.0,80.8,81.05,21868
2015-05-08,81.7,82.55,81.7,82.3,10322
2015-05-11,82.5,83.6,82.5,83.4,3589
2015-05-12,83.2,83.5,81.8,82.0,18920
2015-05-13,82.9,83.2,81.7,82.75,43508
2015-05-14,82.4,82.85,82.0,82.7,52780
2015-05-15,83.0,83.5,82.5,83.1,30883
2015-05-18,83.0,84.2,83.0,84.0,12245
2015-05-19,83.6,84.5,83.35,83.95,36343
2015-05-20,84.0,84.7,84.0,84.3,34886
2015-05-21,84.6,84.75,83.95,84.55,23566
2015-05-22,84.65,85.0,84.4,84.65,12713
2015-05-25,84.5,84.6,83.95,84.2,16653
2015-05-26,84.3,84.3,83.3,83.7,18740
2015-05-27,83.3,83.8,83.05,83.55,28152
2015-05-28,83.8,84.0,83.3,83.5,27666
2015-05-29,83.7,84.65,83.6,84.3,56206
2015-06-01,84.3,85.15,84.3,84.75,43273
2015-06-02,85.0,85.0,82.6,82.95,20457
2015-06-03,83.6,83.6,81.35,81.8,91955
2015-06-04,82.1,82.15,81.0,81.6,72013
2015-06-05,81.5,82.45,81.3,81.65,65031
2015-06-08,81.6,81.7,80.7,81.0,20035
2015-06-09,80.9,81.25,80.4,80.75,36861
2015-06-10,80.7,82.3,80.7,81.65,24580
2015-06-11,82.3,82.3,80.55,81.15,48910
2015-06-12,80.3,80.6,79.8,80.1,41874
2015-06-15,80.1,81.0,79.3,80.5,19034
2015-06-16,80.5,81.0,80.1,80.7,38975
2015-06-17,80.9,81.6,80.8,81.25,4902
2015-06-18,81.4,82.7,81.2,82.2,33054
2015-06-19,82.2,82.9,82.2,82.8,4381
2015-06-22,82.8,84.15,82.8,83.95,65275
2015-06-23,83.9,84.4,83.7,84.2,30740
2015-06-24,84.4,84.7,83.6,83.95,30021
2015-06-25,84.2,84.6,83.8,84.45,8902
2015-06-26,84.3,84.45,83.75,84.2,10457
2015-06-29,82.7,83.75,82.55,83.6,56914
2015-06-30,83.95,84.25,83.45,84.15,25148
2015-07-01,83.0,85.15,83.0,84.75,20880
2015-07-02,84.8,85.1,84.65,84.85,5998
2015-07-03,84.9,85.3,84.85,85.15,23624
2015-07-06,84.4,85.7,84.2,85.5,20085
2015-07-07,85.6,86.0,85.3,85.5,27869
2015-07-08,85.0,85.15,84.1,84.2,101462
2015-07-09,84.6,84.8,83.7,83.85,22565
2015-07-10,84.1,84.35,83.65,84.15,29632
2015-07-13,84.25,85.2,84.0,85.1,38746
2015-07-14,85.0,85.45,84.7,85.0,43034
2015-07-15,85.3,85.8,85.3,85.6,25041
2015-07-16,85.8,86.5,85.8,86.4,26988
2015-07-17,86.4,86.8,86.4,86.5,39387
2015-07-20,86.6,86.8,86.15,86.7,8293
2015-07-21,86.5,86.8,85.6,85.75,16000
2015-07-22,85.7,86.75,85.5,86.65,22158
2015-07-23,87.0,87.0,86.2,86.35,31818
2015-07-24,86.4,86.5,85.55,85.65,10927
2015-07-27,85.4,85.4,84.4,84.5,1817
2015-07-28,84.55,84.85,84.0,84.15,7573
2015-07-29,84.4,84.45,83.9,84.25,4608
2015-07-30,84.6,85.2,84.55,84.8,1432
2015-07-31,84.7,86.1,84.7,85.85,26622
2015-08-03,86.3,86.3,85.7,85.85,9746
2015-08-04,86.0,86.1,85.2,85.85,12445
2015-08-05,88.0,88.0,86.0,86.15,3758
2015-08-06,86.1,86.6,86.0,86.3,8655
2015-08-07,86.35,86.6,86.15,86.3,10874
2015-08-10,86.3,86.8,85.6,85.8,14117
2015-08-11,85.75,86.0,85.2,85.45,4475
2015-08-12,84.9,85.2,84.5,84.65,2593
2015-08-13,85.6,85.6,84.35,84.4,13343
2015-08-14,84.9,85.9,84.75,85.8,13034
2015-08-17,85.9,85.9,84.95,85.35,10174
2015-08-18,85.75,85.8,84.9,85.2,18607
2015-08-19,85.0,85.7,85.0,85.5,34462
2015-08-20,85.4,85.5,84.2,84.5,7825
2015-08-21,84.4,84.5,83.4,83.8,7962
2015-08-24,81.6,82.2,79.25,79.95,16893
2015-08-25,80.3,87.15,78.15,79.55,13790
2015-08-26,79.5,80.05,78.8,79.0,25465
2015-08-27,79.8,81.65,79.75,80.4,7240
2015-08-28,81.1,81.65,80.65,80.85,6031
2015-08-31,80.85,81.45,80.25,80.55,11343
2015-09-01,79.7,80.3,79.2,79.5,8635
2015-09-02,79.55,79.9,78.15,78.3,9129
2015-09-03,78.8,79.45,78.5,79.0,10227
2015-09-04,78.5,78.5,77.6,78.2,16102
2015-09-07,78.0,78.3,76.55,76.75,3556
2015-09-08,76.7,78.3,76.3,78.0,9688
2015-09-09,78.5,79.65,78.5,79.1,19437
2015-09-10,78.3,79.0,78.0,78.65,27838
2015-09-11,79.0,79.8,78.55,78.95,16298
2015-09-14,78.95,79.5,78.5,79.4,29448
2015-09-15,79.35,79.45,78.9,79.05,3825
2015-09-16,79.55,79.8,79.0,79.7,22284
2015-09-18,80.0,81.2,80.0,80.5,29988
2015-09-21,79.6,80.6,79.6,80.5,10346
2015-09-22,80.7,81.3,78.6,78.9,13827
2015-09-23,78.7,79.8,78.4,79.4,9027
2015-09-24,79.35,79.9,78.9,79.75,701
2015-09-28,79.5,79.7,78.9,79.0,3072
2015-09-29,78.0,80.1,77.75,79.2,7684
2015-09-30,79.3,80.2,79.3,80.05,1105
2015-10-01,80.8,80.8,80.1,80.25,358
2015-10-05,81.4,82.0,80.8,81.75,10658
2015-10-06,82.1,82.6,81.9,82.4,6833
2015-10-07,83.05,83.05,82.15,82.45,4622
2015-10-08,82.6,82.6,82.1,82.5,3606
2015-10-09,83.1,83.1,82.0,82.5,3043
2015-10-12,83.0,83.1,82.2,82.2,1155
2015-10-13,82.2,82.2,81.7,82.1,1335
2015-10-14,82.05,82.2,81.9,81.9,1129
2015-10-15,82.3,82.6,82.25,82.5,4102
2015-10-16,82.4,83.35,82.0,83.15,11923
2015-10-19,83.55,83.7,83.15,83.5,1417
2015-10-20,83.7,83.7,83.5,83.6,1250
2015-10-21,84.0,84.1,83.35,83.6,1702
2015-10-23,84.1,84.1,83.7,83.95,4332
2015-10-26,84.3,84.3,83.55,83.75,2016
2015-10-27,83.65,83.65,83.0,83.1,7502
2015-10-28,83.1,83.1,82.4,82.75,5726
2015-10-29,82.75,82.75,82.3,82.4,441
2015-10-30,82.4,82.5,81.45,81.9,8770
2015-11-02,81.5,81.8,81.3,81.5,1217
2015-11-03,82.0,82.05,81.5,81.7,1312
2015-11-04,82.0,82.3,81.4,81.65,1108
2015-11-05,81.4,81.4,80.7,80.8,4334
2015-11-06,81.0,84.0,80.5,80.8,278833
2015-11-09,80.4,80.65,79.2,80.3,24860
2015-11-10,79.95,79.95,79.1,79.15,9044
2015-11-11,79.5,79.8,79.4,79.6,3547
2015-11-13,79.5,79.5,78.7,78.75,8549
2015-11-16,78.65,79.55,78.4,79.35,11312
2015-11-17,79.3,79.8,79.1,79.45,4549
2015-11-18,79.1,79.45,78.35,78.45,5394
2015-11-19,81.5,81.5,79.0,79.75,8300
2015-11-20,79.3,80.1,79.1,79.5,4750
2015-11-23,79.6,79.8,79.4,79.5,1773
2015-11-24,79.2,79.7,79.1,79.15,847
2015-11-26,79.5,80.0,79.45,79.9,1174
2015-11-27,79.7,80.4,79.7,80.1,1619
2015-11-30,80.1,80.65,80.1,80.4,973
2015-12-01,80.9,80.9,80.2,80.45,2184
2015-12-02,80.4,80.65,80.0,80.2,2923
2015-12-03,80.0,80.05,79.3,79.5,1250
2015-12-04,79.4,79.55,78.8,79.1,5185
2015-12-07,79.35,79.4,78.6,78.7,11730
2015-12-08,78.7,78.8,77.8,78.05,7301
2015-12-09,78.05,78.1,77.1,77.45,1981
2015-12-10,77.5,77.9,77.1,77.8,1619
2015-12-11,77.8,78.1,76.8,77.1,4352
2015-12-14,76.7,77.45,76.5,77.2,9638
2015-12-15,77.2,78.0,77.0,77.95,6084
2015-12-16,78.1,78.7,78.1,78.45,1055
2015-12-17,78.5,79.4,78.45,79.15,540
2015-12-18,79.05,79.15,78.5,78.6,1530
2015-12-21,78.7,79.3,78.7,79.1,1434
2015-12-22,79.15,79.7,79.0,79.15,3556
2015-12-23,79.3,80.1,79.2,79.5,3223
2015-12-24,79.6,79.8,79.45,79.5,964
2015-12-28,79.8,80.3,79.7,79.85,380
2015-12-29,80.1,80.4,80.0,80.3,151
2015-12-30,80.2,80.45,80.0,80.0,206
2015-12-31,80.05,80.35,80.0,80.3,889
2016-01-01,80.35,80.8,80.1,80.5,1901
2016-01-04,80.7,80.7,79.0,79.3,2859
2016-01-05,79.6,79.6,78.85,78.85,1791
2016-01-06,78.5,79.2,78.3,78.7,675
2016-01-07,79.0,79.6,77.0,77.3,3942
2016-01-08,77.6,78.0,77.05,77.55,1560
2016-01-11,76.65,77.1,76.45,76.75,1942
2016-01-12,76.8,76.8,76.1,76.3,3208
2016-01-13,76.7,76.8,75.3,76.5,25675
2016-01-14,75.5,77.0,75.4,76.25,3189
2016-01-15,75.9,76.3,75.4,75.55,5516
2016-01-18,75.4,75.5,74.55,74.7,5652
2016-01-19,73.25,75.4,71.75,75.1,9644
2016-01-20,74.5,74.5,73.5,74.05,6679
2016-01-21,74.6,74.9,73.7,74.05,15557
2016-01-22,74.45,75.3,74.3,75.15,4215
2016-01-25,75.5,75.8,75.2,75.25,2838
2016-01-27,75.8,75.8,75.2,75.35,1542
2016-01-28,75.4,75.75,75.2,75.4,1110
2016-01-29,75.5,76.5,75.3,76.45,2611
2016-02-01,76.5,76.9,76.3,76.4,825
2016-02-02,76.5,76.8,75.5,75.7,49072
2016-02-03,74.75,75.3,74.4,74.55,4376
2016-02-04,75.2,75.3,74.8,75.0,5686
2016-02-05,75.3,76.5,75.15,76.1,49978
2016-02-08,76.0,76.2,75.3,75.5,602
2016-02-09,74.3,74.35,73.9,74.05,16958
2016-02-10,73.8,73.8,73.0,73.1,6332
2016-02-11,73.0,73.0,70.4,70.65,24672
2016-02-12,71.25,71.25,70.0,70.5,68077
2016-02-15,71.0,72.6,71.0,72.5,11353
2016-02-16,72.95,72.95,71.1,71.45,6955
2016-02-17,71.7,72.0,70.8,71.95,11765
2016-02-18,72.5,73.1,72.2,73.1,5528
2016-02-19,72.6,73.15,72.55,73.0,68707
2016-02-22,74.45,75.9,73.1,73.35,697
2016-02-23,73.05,73.05,72.0,72.2,2539
2016-02-24,72.0,72.2,71.0,71.2,8335
2016-02-25,71.35,71.4,70.55,70.7,11540
2016-02-26,71.3,71.4,70.9,71.3,2903
2016-02-29,71.4,72.0,69.4,71.0,6381
2016-03-01,71.5,73.0,71.5,72.8,834
2016-03-02,75.7,75.7,73.95,74.6,4292
2016-03-03,75.1,75.65,74.9,75.55,4308
2016-03-04,75.65,76.35,75.25,75.7,8065
2016-03-08,75.8,76.3,75.6,76.15,1364
2016-03-09,75.7,76.4,75.3,76.1,5930
2016-03-10,76.4,76.4,75.3,75.7,2425
2016-03-11,76.0,76.4,75.45,76.35,6245
2016-03-14,76.7,76.9,76.1,76.35,1198
2016-03-15,76.2,76.2,75.55,75.6,1755
2016-03-16,75.7,76.15,75.25,76.0,2070
2016-03-17,76.6,77.4,75.8,76.05,10176
2016-03-18,76.4,76.8,76.2,76.75,2471
2016-03-21,77.2,78.25,77.0,78.0,9213
2016-03-22,78.0,78.6,77.6,78.35,819
2016-03-23,78.45,79.05,77.9,78.75,8257
2016-03-28,78.75,78.75,77.5,77.7,1629
2016-03-29,77.3,77.8,77.2,77.4,6398
2016-03-30,78.1,80.2,77.7,79.1,1600
2016-03-31,78.8,79.5,78.5,78.65,1158
2016-04-01,78.8,79.0,78.2,78.8,1466
2016-04-04,78.9,79.1,78.6,79.1,199
2016-04-05,78.75,78.75,77.4,77.5,2651
2016-04-06,77.6,77.6,77.25,77.4,191
2016-04-07,77.55,77.55,76.7,76.75,694
2016-04-08,76.7,77.1,76.7,77.05,303
2016-04-11,77.2,77.9,76.65,77.85,1321
2016-04-12,78.1,78.9,78.0,78.15,1085
2016-04-13,78.65,80.0,78.65,79.45,6175
2016-04-18,79.4,80.3,79.4,80.05,1581
2016-04-20,80.2,80.8,80.1,80.3,3326
2016-04-21,80.45,81.0,79.8,80.15,9620
2016-04-22,79.85,80.6,79.8,80.1,1336
2016-04-25,80.3,80.3,79.45,79.8,3761
2016-04-26,79.8,81.0,79.3,80.85,7419
2016-04-27,81.0,81.2,80.8,80.9,2020
2016-04-28,81.15,81.2,79.8,80.45,4290
2016-04-29,79.8,80.2,79.0,79.7,1523
2016-05-02,79.65,79.7,79.05,79.5,2030
2016-05-03,76.3,80.3,74.75,79.6,7689
2016-05-04,78.8,78.8,78.2,78.7,5678
2016-05-05,78.0,78.0,77.3,77.7,36542
2016-05-06,77.5,78.0,77.0,77.55,28392
2016-05-09,77.75,79.15,77.75,78.85,84178
2016-05-10,78.8,79.3,78.7,79.2,34589
2016-05-11,78.3,79.2,78.3,78.9,23042
2016-05-12,79.25,79.5,78.8,79.35,15448
2016-05-13,79.1,79.2,78.3,78.6,15888
2016-05-16,78.55,79.1,78.0,79.0,31202
2016-05-17,79.4,79.7,79.0,79.3,12510
2016-05-18,78.7,79.1,78.3,79.0,6690
2016-05-19,78.4,78.95,77.9,78.2,6788
2016-05-20,78.3,78.4,77.65,77.95,2471
2016-05-23,78.25,78.25,77.55,77.75,3042
2016-05-24,77.65,78.0,77.4,77.95,20694
2016-05-25,78.5,79.55,78.5,79.4,6289
2016-05-26,80.0,80.85,79.7,80.5,4766
2016-05-27,81.0,81.8,81.0,81.8,5814
2016-05-30,81.85,82.2,81.55,81.6,1681
2016-05-31,82.0,82.0,81.55,81.8,4187
2016-06-01,81.9,82.25,81.7,82.0,10836
2016-06-02,82.1,82.3,81.65,82.2,5788
2016-06-03,82.5,82.75,82.3,82.5,9652
2016-06-06,82.55,82.7,82.2,82.3,17607
2016-06-07,82.6,83.2,82.6,82.8,35732
2016-06-08,83.0,83.35,82.8,82.9,25435
2016-06-09,83.1,83.1,82.25,82.45,6445
2016-06-10,82.4,82.8,81.75,82.1,23689
2016-06-13,81.2,81.6,81.2,81.4,7175
2016-06-14,81.5,81.6,81.2,81.5,4135
2016-06-15,82.0,82.45,81.35,82.3,18697
2016-06-16,81.95,81.95,81.2,81.8,18009
2016-06-17,82.0,82.3,81.7,81.95,15348
2016-06-20,81.45,82.7,81.25,82.6,71038
2016-06-21,82.4,82.7,82.2,82.6,26631
2016-06-22,82.55,82.85,82.2,82.75,4837
2016-06-23,82.7,83.4,82.5,83.05,13509
2016-06-24,80.85,81.95,80.35,81.6,21610
2016-06-27,81.3,81.7,81.1,81.4,1407
2016-06-28,81.5,82.15,81.5,81.95,3944
2016-06-29,82.4,82.5,81.9,82.3,788
2016-06-30,83.0,83.3,82.75,83.25,9345
2016-07-01,83.5,83.95,83.45,83.6,23137
2016-07-04,84.0,84.45,84.0,84.1,14190
2016-07-05,84.2,84.25,83.65,83.75,5941
2016-07-07,83.75,84.1,83.75,83.85,9871
2016-07-08,83.85,83.85,83.45,83.6,6676
2016-07-11,84.5,85.95,84.5,85.05,7786
2016-07-12,85.15,85.6,85.05,85.45,5598
2016-07-13,85.35,86.35,83.9,85.5,12841
2016-07-14,85.5,86.3,85.4,86.05,10433
2016-07-15,86.1,86.8,85.55,85.9,2472
2016-07-18,86.2,86.3,85.4,85.55,25057
2016-07-19,85.6,86.4,85.3,85.65,17934
2016-07-20,86.0,86.5,85.9,86.1,2728
2016-07-21,86.3,86.35,85.4,85.65,788
2016-07-22,85.7,86.0,85.5,85.85,15285
2016-07-25,85.9,86.9,85.9,86.75,3111
2016-07-26,86.9,86.95,86.15,86.3,4936
2016-07-27,86.7,87.4,86.5,86.8,7559
2016-07-28,87.05,87.3,86.9,87.15,5797
2016-07-29,88.9,90.35,86.9,87.1,4035
2016-08-01,87.8,87.8,86.7,87.05,17957
2016-08-02,86.85,87.5,86.65,86.85,3613
2016-08-03,86.9,86.9,86.2,86.4,7201
2016-08-04,86.85,86.85,85.9,86.25,13752
2016-08-05,86.5,87.5,86.5,87.25,8156
2016-08-08,82.95,88.5,82.95,88.05,17582
2016-08-09,88.2,88.5,87.4,87.75,4841
2016-08-10,87.8,87.8,86.3,86.45,2599
2016-08-11,86.7,86.85,86.0,86.4,27315
2016-08-12,86.6,88.0,86.6,87.3,17525
2016-08-16,87.3,87.45,86.5,87.05,6907
2016-08-17,86.95,87.3,86.65,86.75,7940
2016-08-18,87.1,88.1,87.1,87.2,11771
2016-08-19,87.2,87.55,87.0,87.15,8522
2016-08-22,87.1,87.6,86.7,86.75,3182
2016-08-23,86.8,87.0,86.5,87.0,6254
2016-08-24,87.1,87.15,86.8,87.1,2607
2016-08-25,87.5,87.5,86.45,86.75,2402
2016-08-26,86.8,86.8,86.25,86.4,503
2016-08-29,86.6,86.95,86.2,86.7,1681
2016-08-30,87.15,88.1,86.95,87.95,6661
2016-08-31,88.05,88.9,88.05,88.65,8642
2016-09-01,88.6,88.8,88.2,88.4,6308
2016-09-02,88.6,88.9,88.4,88.65,3496
2016-09-06,88.9,90.1,88.9,89.95,5945
2016-09-07,90.0,90.2,89.9,90.05,4002
2016-09-08,90.1,90.6,89.9,90.4,11869
2016-09-09,90.0,90.0,89.5,89.7,793
2016-09-12,87.9,88.45,87.8,87.95,12221
2016-09-14,88.2,88.9,88.1,88.35,17670
2016-09-15,90.15,91.9,88.2,88.45,8232
2016-09-16,88.8,89.2,88.3,88.6,29629
2016-09-19,88.5,89.05,88.4,88.8,11931
2016-09-20,88.85,88.9,88.4,88.65,14196
2016-09-21,88.6,89.2,88.6,88.7,3728
2016-09-22,89.55,89.65,89.2,89.4,3813
2016-09-23,89.5,89.65,89.3,89.3,1866
2016-09-26,88.85,89.2,88.2,88.5,6667
2016-09-27,88.4,88.65,87.7,87.95,2250
2016-09-28,87.85,88.6,87.85,88.35,3119
2016-09-29,88.9,88.9,86.8,87.25,7036
2016-09-30,87.25,87.4,86.5,86.8,3526
2016-10-03,87.3,88.9,87.2,88.5,6937
2016-10-04,88.5,88.75,88.3,88.6,15711
2016-10-05,88.85,89.4,88.4,88.4,11996
2016-10-06,88.7,88.9,87.75,88.05,14347
2016-10-07,88.25,88.25,87.6,88.0,6412
2016-10-10,88.4,88.5,88.1,88.2,9821
2016-10-13,87.6,88.0,86.7,87.2,11203
2016-10-14,87.0,87.2,86.6,87.0,11481
2016-10-17,86.9,86.95,86.3,86.8,24247
2016-10-18,86.8,87.9,86.7,87.8,10296
2016-10-19,87.7,88.0,87.5,87.55,3156
2016-10-20,88.05,88.3,87.8,87.9,4824
2016-10-21,87.9,87.95,87.5,87.95,3114
2016-10-24,88.1,88.6,87.9,88.15,6775
2016-10-25,88.3,88.3,87.8,88.2,3769
2016-10-26,87.7,87.7,87.1,87.3,3490
2016-10-27,86.8,87.3,86.75,87.2,6424
2016-10-28,87.1,87.6,86.9,87.5,5368
2016-10-30,86.6,87.9,86.6,87.5,1778
2016-11-01,87.5,87.9,87.3,87.4,4357
2016-11-02,86.45,86.65,86.2,86.35,4468
2016-11-03,86.3,86.6,85.9,86.05,3231
2016-11-04,86.0,86.2,85.1,85.5,12138
2016-11-07,85.8,86.5,85.8,86.3,4336
2016-11-08,86.5,86.75,86.25,86.45,10126
2016-11-09,84.0,85.7,82.3,85.6,17731
2016-11-10,86.05,86.95,86.05,86.45,14702
2016-11-11,85.4,85.45,84.1,84.35,24932
2016-11-15,83.9,84.25,82.2,82.4,18762
2016-11-16,83.1,83.2,81.8,82.0,30005
2016-11-17,82.0,82.45,81.55,81.75,21866
2016-11-18,82.0,82.35,81.6,81.7,19563
2016-11-21,81.75,81.75,80.3,80.45,24767
2016-11-22,80.9,81.2,80.5,81.0,45241
2016-11-23,82.65,84.25,80.8,81.4,43870
2016-11-24,81.05,81.3,80.7,80.85,17115
2016-11-25,80.7,82.15,80.7,82.0,29908
2016-11-28,81.85,82.45,81.85,82.2,31472
2016-11-29,82.45,82.9,82.35,82.4,77189
2016-11-30,82.5,83.35,82.3,83.2,7572
2016-12-01,83.2,83.4,82.7,82.8,45327
2016-12-02,82.4,82.7,81.6,81.75,37771
2016-12-05,82.0,82.45,81.5,82.35,38055
2016-12-06,82.5,82.7,82.3,82.3,10059
2016-12-07,82.6,82.8,81.7,81.7,23188
2016-12-08,82.6,83.4,82.6,83.25,36746
2016-12-09,83.4,83.65,83.3,83.35,3571
2016-12-12,83.25,83.4,82.55,83.2,5906
2016-12-13,82.8,83.2,82.6,83.15,5358
2016-12-14,83.15,83.15,82.7,82.75,3233
2016-12-15,82.7,83.4,82.05,82.7,1982
2016-12-16,82.6,82.75,82.4,82.6,6029
2016-12-19,85.5,85.5,82.1,82.15,9440
2016-12-20,82.2,82.4,81.7,82.0,8065
2016-12-21,82.1,82.1,81.55,81.75,7169
2016-12-22,81.65,81.65,80.8,80.8,6247
2016-12-23,80.7,81.15,80.5,80.7,2880
2016-12-26,80.65,80.7,80.1,80.15,11837
2016-12-27,80.3,81.75,80.15,81.2,5606
2016-12-28,81.5,82.0,81.4,81.55,5384
2016-12-29,81.15,82.2,81.15,81.9,10059
2016-12-30,82.15,82.8,82.15,82.55,2420
2017-01-02,83.2,83.2,82.25,82.75,20285
2017-01-03,82.8,83.1,82.4,82.8,9776
2017-01-04,83.0,83.15,82.8,82.9,7166
2017-01-05,83.45,83.75,83.25,83.7,17060
2017-01-06,83.9,84.05,83.3,83.4,11018
2017-01-09,83.5,83.55,83.2,83.25,5580
2017-01-10,83.6,83.85,83.55,83.6,4060
2017-01-11,84.05,84.75,84.0,84.55,6794
2017-01-12,84.85,85.1,84.7,84.9,699
2017-01-13,85.15,85.3,84.6,84.95,5299
2017-01-16,85.0,85.3,84.8,85.15,6171
2017-01-17,85.25,85.3,84.7,85.0,5437
2017-01-18,85.3,85.5,84.8,85.0,6277
2017-01-19,85.1,85.35,85.0,85.3,1642
2017-01-20,85.0,85.15,84.45,84.8,15248
2017-01-23,84.5,85.3,84.5,85.1,3524
2017-01-24,85.1,85.8,85.1,85.75,3514
2017-01-25,85.6,87.5,85.6,86.6,21491
2017-01-27,86.9,87.55,86.9,87.25,8203
2017-01-30,87.0,87.7,86.9,87.65,20668
2017-01-31,87.3,87.3,86.8,86.95,13410
2017-02-01,87.0,88.4,86.6,88.35,27418
2017-02-02,88.15,88.55,88.0,88.3,25426
2017-02-03,88.15,88.5,87.85,88.1,14159
2017-02-06,87.8,88.9,87.8,88.8,15404
2017-02-07,89.0,89.0,88.45,88.65,15892
2017-02-08,88.7,88.9,88.3,88.55,1712
2017-02-09,89.1,89.1,88.2,88.75,17089
2017-02-10,89.05,89.1,88.7,88.75,2323
2017-02-13,89.05,89.15,88.4,88.9,8712
2017-02-14,88.8,89.0,88.7,88.9,5275
2017-02-15,88.9,88.95,88.0,88.15,23015
2017-02-16,88.4,88.65,88.0,88.55,8163
2017-02-17,89.25,89.35,88.9,89.1,24328
2017-02-20,89.0,89.75,89.0,89.6,24498
2017-02-21,89.55,90.1,89.4,89.95,25502
2017-02-22,90.0,90.95,89.85,90.45,72047
2017-02-23,90.7,90.7,90.2,90.4,32597
2017-02-27,90.2,90.5,90.0,90.25,7216
2017-02-28,90.2,90.3,89.7,89.85,15113
2017-03-01,89.95,90.65,89.95,90.35,6766
2017-03-02,90.6,91.0,89.75,90.05,9892
2017-03-03,89.8,90.0,89.5,89.95,3218
2017-03-06,90.0,90.95,90.0,90.5,5085
2017-03-07,90.5,90.95,90.3,90.85,16601
2017-03-08,90.6,90.95,89.9,90.15,38223
2017-03-09,89.4,89.6,89.1,89.45,20397
2017-03-10,89.7,89.75,89.25,89.6,15825
2017-03-14,92.35,92.35,90.7,90.9,35470
2017-03-15,91.1,91.15,90.85,91.0,6400
2017-03-16,91.9,91.9,91.3,91.5,13199
2017-03-17,92.35,92.35,91.25,91.45,2581
2017-03-20,91.45,91.5,91.1,91.2,255373
2017-03-21,91.4,91.5,90.95,91.2,13419
2017-03-22,90.5,90.95,90.4,90.5,19640
2017-03-23,90.7,91.0,90.6,90.9,5052
2017-03-24,91.1,91.35,90.95,91.15,8623
2017-03-27,91.0,91.05,90.35,90.65,3245
2017-03-28,91.0,91.3,90.85,91.05,4263
2017-03-29,91.2,91.7,91.2,91.6,4866
2017-03-30,91.65,92.5,91.45,92.05,10881
2017-03-31,92.0,92.3,91.55,91.55,4279
2017-04-03,92.0,92.5,91.95,92.35,11113
2017-04-05,92.35,92.7,92.35,92.65,6820
2017-04-06,90.8,92.5,88.95,92.45,1493
2017-04-07,92.2,92.6,91.9,92.1,8096
2017-04-10,92.25,92.6,91.95,92.15,11167
2017-04-11,92.0,92.6,92.0,92.55,2283
2017-04-12,92.5,92.7,91.8,92.05,5596
2017-04-13,91.8,92.15,91.8,91.9,3057
2017-04-17,91.8,91.8,91.3,91.65,4559
2017-04-18,92.0,92.3,91.3,91.4,28960
2017-04-19,91.25,91.4,91.0,91.3,4008
2017-04-20,91.3,92.0,91.2,91.5,8731
2017-04-21,91.7,91.7,90.9,91.35,6583
2017-04-24,91.45,92.4,91.45,92.2,5185
2017-04-25,92.5,93.1,92.45,93.1,4285
2017-04-26,93.25,93.95,93.25,93.45,16822
2017-04-27,93.65,93.85,93.3,93.75,16447
2017-04-28,93.3,93.7,93.25,93.4,13777
2017-05-02,93.7,93.9,93.05,93.75,11486
2017-05-03,93.65,93.85,93.3,93.45,10459
2017-05-04,93.7,94.1,93.6,93.85,28525
2017-05-05,93.6,93.65,92.7,92.9,20549
2017-05-08,93.4,93.55,93.0,93.2,11724
2017-05-09,93.25,93.6,93.1,93.3,4105
2017-05-10,93.7,94.5,93.55,94.15,20182
2017-05-11,94.6,94.6,94.1,94.15,6314
2017-05-12,94.05,94.5,93.8,94.15,7858
2017-05-15,94.45,94.55,94.25,94.4,14555
2017-05-16,94.7,95.2,94.7,95.2,2923
2017-05-17,95.2,95.4,94.95,95.35,15925
2017-05-18,93.45,95.05,91.55,94.55,4708
2017-05-19,94.95,95.25,94.05,94.35,3042
2017-05-22,94.85,95.0,94.4,94.65,2078
2017-05-23,94.5,94.5,93.8,94.05,9100
2017-05-24,94.3,94.55,93.5,93.6,13544
2017-05-25,94.0,95.3,93.9,95.05,19113
2017-05-26,95.4,95.9,95.0,95.75,8735
2017-05-29,95.8,96.3,95.65,96.1,34000
2017-05-30,95.95,96.35,95.9,96.3,15395
2017-05-31,96.2,96.75,96.2,96.7,13040
2017-06-01,96.6,96.7,96.4,96.5,13367
2017-06-02,96.8,96.95,96.6,96.7,14746
2017-06-05,96.8,97.2,96.7,97.05,17018
2017-06-06,97.35,97.35,96.75,96.95,23700
2017-06-07,97.0,97.4,96.8,97.0,1280
2017-06-08,97.25,97.3,97.0,97.1,4002
2017-06-09,97.0,97.15,96.5,97.1,9068
2017-06-12,96.75,96.95,96.3,96.7,12150
2017-06-13,97.0,97.15,96.55,96.7,23890
2017-06-14,96.75,96.9,96.45,96.7,1610
2017-06-15,96.7,96.9,96.4,96.55,16894
2017-06-16,96.4,96.9,96.3,96.35,3355
2017-06-19,96.9,97.15,96.75,96.95,11081
2017-06-20,97.4,97.4,96.8,96.95,726
2017-06-21,96.75,97.05,96.7,96.8,26693
2017-06-22,97.0,97.4,96.6,96.75,19145
2017-06-23,96.85,96.9,96.15,96.25,13682
2017-06-27,96.65,96.7,95.45,95.55,23392
2017-06-28,95.45,95.8,95.2,95.4,35056
2017-06-29,95.7,96.45,95.6,96.05,24702
2017-06-30,95.1,96.1,94.9,95.8,23100
2017-07-03,96.0,96.8,96.0,96.6,11338
2017-07-04,96.75,97.2,96.6,96.75,23732
2017-07-05,96.7,96.95,96.6,96.75,56306
2017-07-06,96.95,97.35,96.9,97.0,14753
2017-07-07,97.15,97.65,96.8,97.1,18542
2017-07-10,97.6,98.35,97.55,98.1,5303
2017-07-11,98.5,98.95,98.25,98.55,19403
2017-07-12,98.6,99.0,98.5,98.6,29287
2017-07-13,99.0,99.3,98.9,99.15,27341
2017-07-14,99.2,99.45,99.15,99.45,12335
2017-07-17,99.65,100.15,99.6,99.85,6852
2017-07-18,99.6,99.7,99.0,99.45,10284
2017-07-19,99.6,100.2,99.4,100.05,2490
2017-07-20,100.15,100.15,99.5,99.95,18255
2017-07-21,99.9,100.05,99.2,99.85,11778
2017-07-24,100.0,101.2,100.0,100.6,34595
2017-07-25,101.4,101.4,100.25,100.4,42602
2017-07-26,100.5,101.2,100.4,101.0,35964
2017-07-27,109.5,115.5,101.0,101.18,207901
2017-07-28,101.5,101.5,100.6,100.7,127504
2017-07-31,101.09,102.13,100.8,101.85,316508
2017-08-01,101.81,102.2,101.65,102.07,184231
2017-08-02,102.34,102.34,101.72,101.8,173666
2017-08-03,101.7,101.84,100.77,101.34,224858
2017-08-04,101.35,101.77,101.03,101.7,88833
2017-08-07,101.0,101.9,97.6,101.5,98642
2017-08-08,101.45,101.69,100.28,100.59,126641
2017-08-09,100.09,100.6,99.8,99.98,35752
2017-08-10,99.74,100.0,99.01,99.47,442971
2017-08-11,98.0,98.62,97.85,98.07,451907
2017-08-14,98.74,98.74,98.22,98.54,334955
2017-08-16,98.0,100.27,98.0,99.87,203247
2017-08-17,100.0,100.63,99.74,100.26,48000
2017-08-18,99.73,99.8,99.0,99.62,34461
2017-08-21,99.65,99.81,98.64,98.7,142227
2017-08-22,99.37,99.39,98.5,98.99,233446
2017-08-23,99.15,99.51,98.75,99.38,245316
2017-08-24,99.34,99.8,99.32,99.69,272481
2017-08-28,97.7,100.1,95.7,99.93,269955
2017-08-29,99.47,99.65,99.0,99.16,102604
2017-08-30,99.47,99.82,99.4,99.6,235418
2017-08-31,99.72,100.09,99.4,99.83,196345
2017-09-01,100.0,100.91,99.85,100.62,169699
2017-09-04,100.59,100.75,99.6,99.99,231715
2017-09-05,100.4,100.65,99.92,100.57,125890
2017-09-06,100.13,100.34,99.8,100.14,80399
2017-09-07,100.4,100.7,100.28,100.38,47409
2017-09-08,100.7,100.7,100.2,100.55,24036
2017-09-11,100.91,101.19,100.7,101.11,232750
2017-09-12,101.18,101.93,101.18,101.87,38790
2017-09-13,101.85,102.4,101.61,102.06,75318
2017-09-14,102.15,102.36,101.76,102.13,164944
2017-09-15,101.9,102.0,101.47,101.68,51017
2017-09-18,102.19,102.72,102.19,102.48,12423
2017-09-19,102.8,102.8,102.4,102.5,38919
2017-09-20,102.82,102.82,102.27,102.43,39591
2017-09-21,103.2,106.5,101.7,102.28,34429
2017-09-22,101.74,102.0,100.82,100.91,60537
2017-09-25,100.62,100.7,99.5,99.76,96251
2017-09-26,99.73,99.86,99.28,99.45,87211
2017-09-27,99.67,99.81,98.45,98.56,283633
2017-09-28,98.39,98.9,98.0,98.63,115352
2017-09-29,100.0,100.0,98.6,98.81,96700
2017-10-03,100.0,100.79,99.17,99.62,90931
2017-10-04,101.6,103.6,99.45,99.9,172360
2017-10-05,100.15,100.44,99.78,99.96,94029
2017-10-06,100.33,100.97,100.27,100.8,139760
2017-10-09,100.8,101.26,100.61,101.06,23973
2017-10-10,101.0,101.5,101.0,101.22,71830
2017-10-11,101.5,101.68,100.56,100.72,128829
2017-10-12,101.14,102.0,100.97,101.84,4624
2017-10-13,102.4,103.2,102.16,102.91,365715
2017-10-16,103.4,103.68,102.9,103.34,117802
2017-10-17,103.26,103.9,103.06,103.35,65371
2017-10-18,103.4,103.5,102.83,103.34,30013
2017-10-19,102.97,102.97,102.0,102.48,29543
2017-10-23,102.49,103.0,102.0,102.45,21550
2017-10-24,102.93,103.24,102.75,103.0,4205
2017-10-25,104.1,104.1,103.25,103.74,71023
2017-10-26,103.32,104.19,103.32,104.03,77795
2017-10-27,104.0,104.5,104.0,104.05,60788
2017-10-30,104.05,105.1,104.05,104.69,51319
2017-10-31,104.58,104.73,104.15,104.28,13872
2017-11-01,104.8,105.65,104.8,105.4,19609
2017-11-02,105.38,105.69,105.0,105.35,50842
2017-11-03,105.73,107.5,105.05,105.99,25766
2017-11-06,105.64,106.24,105.5,105.64,51670
2017-11-07,105.89,106.28,105.0,105.12,165495
2017-11-08,105.31,105.31,104.05,104.08,33740
2017-11-09,104.8,104.8,104.0,104.4,37872
2017-11-10,104.23,104.69,104.0,104.22,123536
2017-11-13,104.25,104.51,103.7,103.74,168468
2017-11-14,103.7,103.88,103.0,103.08,7118
2017-11-15,103.1,103.15,102.4,102.56,184173
2017-11-16,102.82,103.6,102.46,103.29,58086
2017-11-17,102.2,104.82,99.2,103.88,14783
2017-11-20,104.07,104.44,103.96,104.17,238006
2017-11-21,104.7,105.0,104.22,104.34,20164
2017-11-22,105.0,105.05,104.45,104.65,222956
2017-11-23,104.84,106.0,104.38,105.2,19181
2017-11-24,105.0,105.52,104.73,104.98,45029
2017-11-27,104.98,105.39,104.47,105.04,13520
2017-11-28,105.4,105.45,104.7,105.0,12396
2017-11-29,105.0,105.5,104.75,105.0,62896
2017-11-30,104.46,104.59,103.56,104.05,109787
2017-12-01,104.14,104.22,102.5,102.53,215853
2017-12-04,102.89,103.01,102.24,102.54,32076
2017-12-05,102.4,102.69,102.0,102.43,90812
2017-12-06,102.18,102.29,101.45,101.56,32351
2017-12-07,102.0,103.16,101.9,103.11,36188
2017-12-08,103.5,104.0,103.02,103.9,23954
2017-12-11,104.36,104.75,103.96,104.64,30946
2017-12-12,104.38,104.38,103.75,103.85,20146
2017-12-13,103.56,104.35,103.0,103.13,95544
2017-12-14,103.75,103.8,102.61,103.54,135067
2017-12-15,105.2,107.7,104.4,104.52,12932
2017-12-18,106.6,113.9,102.0,105.1,101352
2017-12-19,105.21,105.99,105.07,105.67,191242
2017-12-20,105.83,106.19,105.5,105.55,120997
2017-12-21,105.9,107.0,105.6,105.78,64334
2017-12-22,105.8,106.25,105.66,105.99,37627
2017-12-26,106.17,106.29,105.86,106.24,27978
2017-12-27,106.02,106.74,105.68,106.12,35329
2017-12-28,104.0,106.5,101.9,105.67,29195
2017-12-29,106.43,106.5,106.0,106.28,15414
2018-01-01,106.5,106.8,105.0,106.16,21740
2018-01-02,106.32,106.32,105.4,105.54,120841
2018-01-03,106.08,106.4,105.5,105.68,42445
2018-01-04,106.0,107.0,105.62,106.2,115037
2018-01-05,106.39,106.78,106.23,106.69,30478
2018-01-08,107.01,107.42,107.01,107.25,98253
2018-01-09,107.25,107.8,107.2,107.36,90251
2018-01-10,107.5,107.59,107.04,107.25,26825
2018-01-11,107.36,107.8,107.13,107.47,8564
2018-01-12,107.97,108.01,107.4,107.9,6710
2018-01-15,108.54,109.0,108.26,108.71,9743
2018-01-16,108.75,108.99,108.25,108.41,14368
2018-01-17,108.25,109.29,107.94,109.15,65473
2018-01-18,110.0,110.0,108.66,109.04,71943
2018-01-19,109.0,110.17,108.88,109.92,158124
2018-01-22,109.89,110.8,109.82,110.62,70831
2018-01-23,111.26,112.11,110.85,111.74,16843
2018-01-24,111.9,112.2,111.5,111.98,21956
2018-01-25,112.6,113.0,111.0,111.53,27133
2018-01-29,111.97,113.0,111.61,112.44,12953
2018-01-30,112.4,112.4,111.5,111.72,214674
2018-01-31,111.79,111.8,111.09,111.51,43507
2018-02-01,111.9,112.56,110.4,111.91,263757
2018-02-02,110.86,110.98,109.16,109.33,191379
2018-02-05,109.0,109.0,107.03,107.92,155322
2018-02-06,107.5,107.5,104.5,106.24,269020
2018-02-07,107.17,110.5,105.8,106.79,71134
2018-02-08,106.0,107.5,106.0,106.63,109239
2018-02-09,106.0,106.4,105.0,106.12,146653
2018-02-12,106.6,107.19,106.28,107.02,150576
2018-02-14,107.26,107.37,106.2,106.95,151867
2018-02-15,106.32,107.39,106.3,106.78,2058019
2018-02-16,110.0,110.0,105.36,105.91,19680
2018-02-19,105.69,106.01,104.55,105.1,71550
2018-02-20,105.16,105.5,104.8,104.87,14106
2018-02-21,105.43,105.48,104.75,105.25,11740
2018-02-22,106.0,106.0,104.7,104.87,10466
2018-02-23,105.5,106.41,105.2,106.17,5113
2018-02-26,106.47,107.34,106.47,107.2,5780
2018-02-27,108.8,108.8,106.59,107.0,16987
2018-02-28,106.28,106.74,105.91,106.46,5686
2018-03-01,106.62,106.62,105.91,106.07,8226
2018-03-05,105.33,105.48,104.86,105.23,97484
2018-03-06,105.75,105.86,103.9,104.09,77100
2018-03-07,103.81,108.3,103.0,103.34,46781
2018-03-08,103.87,104.06,103.04,103.85,100049
2018-03-09,104.04,104.2,103.5,103.77,315825
2018-03-12,104.82,105.74,104.15,105.46,59127
2018-03-13,105.66,106.25,105.15,105.67,113993
2018-03-14,106.0,106.5,104.9,105.18,249899
2018-03-15,105.42,105.62,104.94,105.11,46663
2018-03-16,104.87,104.93,103.46,103.72,129969
2018-03-19,103.7,103.75,102.6,102.77,136160
2018-03-20,102.44,103.5,102.1,102.89,79438
2018-03-21,103.78,104.07,102.75,103.0,171750
2018-03-22,103.0,103.83,102.6,102.89,205278
2018-03-23,101.5,101.99,101.0,101.45,49727
2018-03-26,101.5,103.0,100.99,102.72,17445
2018-03-27,103.0,103.6,102.48,103.33,23086
2018-03-28,102.74,103.24,102.18,102.8,31576
2018-04-02,102.8,103.75,102.8,103.71,63864
2018-04-03,103.5,104.22,103.5,103.84,105068
2018-04-04,104.15,104.48,102.7,102.73,112437
2018-04-05,103.88,105.0,103.86,104.72,39882
2018-04-06,104.39,105.34,104.34,104.73,20990
2018-04-09,105.25,105.7,105.0,105.58,11226
2018-04-10,105.58,105.97,105.36,105.7,14460
2018-04-11,105.6,105.86,105.05,105.51,35989
2018-04-12,105.62,106.2,105.62,105.92,99874
2018-04-13,106.2,107.0,106.19,106.27,81436
2018-04-16,105.8,107.22,105.68,107.05,69981
2018-04-17,107.15,107.41,106.6,107.24,318879
2018-04-18,107.39,107.75,106.91,107.19,396757
2018-04-19,107.0,107.7,106.7,107.53,63467
2018-04-20,107.23,107.7,106.74,107.61,43697
2018-04-23,107.49,107.93,105.45,107.57,149069
2018-04-24,107.65,107.75,107.11,107.7,37841
2018-04-25,107.43,107.52,106.57,107.28,7855
2018-04-26,107.35,107.7,107.0,107.47,11566
2018-04-27,108.0,108.75,108.0,108.29,15907
2018-04-30,108.58,109.44,108.58,109.07,55263
2018-05-02,109.35,109.35,108.31,108.87,41495
2018-05-03,108.85,108.85,107.95,108.27,54274
2018-05-04,108.35,108.4,107.72,107.75,167687
2018-05-07,110.6,110.6,104.5,108.46,54559
2018-05-08,108.87,108.89,108.1,108.57,14567
2018-05-09,106.0,109.14,106.0,108.95,7953
2018-05-10,108.95,109.38,108.71,108.92,43468
2018-05-11,109.3,109.5,108.86,109.43,34585
2018-05-14,109.77,110.0,109.17,109.54,23925
2018-05-15,121.0,121.0,109.46,109.52,14436
2018-05-16,121.0,121.0,108.7,108.95,12717
2018-05-17,109.38,109.38,108.06,108.54,42992
2018-05-18,108.3,108.3,107.62,107.81,47992
2018-05-21,107.81,107.97,106.62,107.02,27018
2018-05-22,107.0,107.41,106.55,107.26,33802
2018-05-23,107.2,107.2,105.95,106.09,15411
2018-05-24,106.34,106.85,105.7,106.08,39498
2018-05-25,106.66,107.89,105.5,107.44,25753
2018-05-28,108.0,108.6,107.9,108.15,28323
2018-05-29,108.19,108.6,107.6,107.62,37135
2018-05-30,107.5,107.88,106.9,107.6,15466
2018-05-31,107.94,108.9,107.64,108.37,26586
2018-06-01,108.5,109.16,108.35,108.67,75967
2018-06-04,108.6,109.02,108.0,108.12,49148
2018-06-05,107.57,108.36,107.54,107.81,13591
2018-06-06,108.0,108.89,107.68,108.5,33949
2018-06-07,109.33,109.79,109.01,109.23,33333
2018-06-08,108.8,109.88,108.75,109.67,219398
2018-06-11,109.4,110.2,109.4,109.71,153676
2018-06-12,110.0,111.0,109.64,110.52,158084
2018-06-13,110.37,110.8,110.3,110.45,22890
2018-06-14,110.06,110.4,109.55,109.91,170652
2018-06-15,109.56,110.3,109.51,109.9,54891
2018-06-18,109.97,110.35,109.69,110.02,30453
2018-06-19,109.79,109.79,108.83,109.02,63540
2018-06-20,109.39,109.8,109.31,109.47,149216
2018-06-21,109.0,109.8,109.0,109.15,96325
2018-06-22,109.1,110.0,108.89,109.86,228688
2018-06-25,109.83,111.0,109.28,109.34,134651
2018-06-26,109.6,109.99,109.49,109.64,70569
2018-06-27,110.6,111.0,108.25,108.42,33251
2018-06-28,108.89,108.95,107.54,107.8,13987
2018-06-29,108.3,109.21,108.22,108.89,56145
2018-07-02,108.95,109.28,108.0,108.87,22933
2018-07-03,108.81,109.45,108.69,109.29,9689
2018-07-04,109.24,109.78,108.9,109.56,16672
2018-07-05,109.9,110.05,109.35,109.81,12574
2018-07-06,109.5,110.4,109.2,109.83,5526
2018-07-09,110.0,110.7,110.0,110.47,16308
2018-07-10,111.4,111.84,111.0,111.56,46773
2018-07-11,112.0,112.0,111.16,111.35,29031
2018-07-12,111.87,112.77,111.87,112.35,25235
2018-07-13,112.35,112.95,112.12,112.3,10727
2018-07-16,112.95,112.95,111.62,111.67,22204
2018-07-17,111.88,112.38,111.53,112.07,17229
2018-07-18,112.53,112.84,111.52,111.78,25739
2018-07-19,112.0,112.41,111.56,112.21,61003
2018-07-20,112.0,112.65,111.5,112.21,11562
2018-07-23,112.65,119.0,111.35,113.09,25860
2018-07-24,113.43,113.7,113.16,113.36,14833
2018-07-25,113.7,114.3,113.18,113.64,12001
2018-07-26,113.86,114.02,113.43,113.64,100199
2018-07-27,113.91,115.0,113.84,114.76,28944
2018-07-30,116.0,116.0,114.5,115.13,57238
2018-07-31,115.2,115.9,114.9,115.7,23064
2018-08-01,116.0,116.16,115.5,115.81,14066
2018-08-02,115.0,115.8,114.88,115.0,40344
2018-08-03,115.0,116.16,115.0,115.93,19451
2018-08-06,116.03,116.98,115.25,116.2,17827
2018-08-07,116.72,116.72,116.01,116.46,35075
2018-08-08,116.46,117.09,116.05,116.95,13027
2018-08-09,117.0,117.53,116.97,117.15,18162
2018-08-10,117.0,117.36,116.71,117.04,21378
2018-08-13,117.2,117.2,115.91,116.28,38218
2018-08-14,116.61,117.25,116.35,117.02,16174
2018-08-16,117.0,117.14,116.23,116.45,26918
2018-08-17,116.0,117.8,116.0,117.42,10751
2018-08-20,117.5,118.99,117.5,118.28,98324
2018-08-21,118.36,118.42,117.9,118.06,3872
2018-08-23,119.1,119.1,118.0,118.18,39367
2018-08-24,118.16,120.5,117.65,118.41,56036
2018-08-27,118.42,119.7,118.42,119.42,9241
2018-08-28,119.99,120.22,119.53,119.87,17508
2018-08-29,119.6,120.27,119.4,120.11,121310
2018-08-30,119.74,120.0,119.07,119.67,18021
2018-08-31,119.43,120.09,119.01,119.57,31312
2018-09-03,119.6,119.95,118.18,118.36,23760
2018-09-04,118.62,118.8,117.51,117.94,28464
2018-09-05,118.0,118.11,116.85,117.51,129779
2018-09-06,118.0,118.9,117.0,118.05,52088
2018-09-07,117.33,118.99,117.33,118.47,24605
2018-09-10,118.34,118.4,117.3,117.36,31611
2018-09-11,117.58,117.58,115.54,115.73,117398
2018-09-12,115.62,116.44,115.0,116.3,320304
2018-09-14,117.0,117.9,116.86,117.69,18955
2018-09-17,116.61,117.01,116.25,116.48,46744
2018-09-18,116.38,116.88,115.13,115.54,102773
2018-09-19,115.88,116.14,114.95,115.33,23747
2018-09-21,116.02,116.07,112.66,114.06,50440
2018-09-24,114.05,114.05,112.0,112.47,65238
2018-09-25,112.5,113.9,111.26,112.93,100858
2018-09-26,113.7,113.81,112.3,112.58,98925
2018-09-27,112.5,113.59,112.2,112.59,68814
2018-09-28,112.88,113.08,111.5,112.12,185047
2018-10-01,113.0,115.0,110.76,112.26,98558
2018-10-03,112.26,113.1,111.0,111.0,50112
2018-10-04,111.0,111.0,108.4,108.91,133007
2018-10-05,108.14,108.35,105.31,106.57,120445
2018-10-08,105.73,106.8,104.75,105.92,387300
2018-10-09,106.23,106.59,105.5,105.77,149690
2018-10-10,106.01,107.45,105.85,107.24,39647
2018-10-11,105.0,105.65,104.0,104.51,532453
2018-10-12,106.01,107.6,105.43,107.18,366819
2018-10-15,108.0,108.0,106.37,107.48,72850
2018-10-16,107.93,108.6,107.7,108.3,27634
2018-10-17,109.6,109.6,106.87,107.09,254801
2018-10-19,106.9,106.9,105.31,105.68,104788
2018-10-22,106.07,106.3,105.1,105.26,111770
2018-10-23,105.0,105.0,103.51,104.17,240428
2018-10-24,105.39,105.41,103.4,104.35,57521
2018-10-25,103.5,104.38,103.4,103.98,27093
2018-10-26,103.31,103.98,102.75,102.88,103434
2018-10-29,104.0,104.93,102.73,104.58,127671
2018-10-30,106.0,106.0,104.0,104.26,232516
2018-10-31,104.5,106.18,103.26,105.87,171825
2018-11-01,105.0,106.38,105.0,106.06,283552
2018-11-02,106.99,108.4,106.81,107.87,34435
2018-11-05,107.78,108.01,107.22,107.93,29802
2018-11-06,108.3,108.6,107.66,107.8,17074
2018-11-07,108.0,109.5,108.0,108.75,13688
2018-11-09,108.57,109.07,108.05,108.62,31836
2018-11-12,108.0,109.2,107.5,107.75,38020
2018-11-13,107.45,108.6,107.04,108.52,31132
2018-11-14,108.62,108.96,108.0,108.24,56058
2018-11-15,108.61,109.0,108.01,108.72,15094
2018-11-16,108.6,109.4,108.58,108.97,32701
2018-11-19,109.0,110.4,108.0,110.01,95365
2018-11-20,109.45,110.34,108.68,109.25,64173
2018-11-21,109.5,109.5,108.3,108.64,66398
2018-11-22,108.64,108.89,107.8,108.0,18727
2018-11-26,108.1,108.99,107.2,108.51,45279
2018-11-27,108.75,109.24,108.05,109.12,29846
2018-11-28,109.24,109.84,109.24,109.41,40078
2018-11-29,110.11,111.0,110.01,110.63,43423
2018-11-30,112.8,115.1,110.55,111.01,40741
2018-12-03,111.01,111.98,110.96,111.5,261793
2018-12-04,111.49,111.76,111.11,111.57,453643
2018-12-05,111.45,111.5,110.24,110.74,46049
2018-12-06,110.0,111.0,108.4,108.84,227398
2018-12-07,108.83,109.77,108.61,109.43,71515
2018-12-10,109.15,109.15,105.1,107.59,244639
2018-12-11,106.3,111.9,105.9,108.96,122697
2018-12-12,108.55,109.89,107.55,109.67,124800
2018-12-13,110.15,110.66,109.7,110.3,197533
2018-12-14,110.0,110.99,109.01,110.09,6957
2018-12-17,110.0,111.2,110.0,111.04,68993
2018-12-18,110.98,111.54,110.59,111.36,37836
2018-12-19,111.62,112.19,111.62,112.0,42626
2018-12-20,111.47,112.0,111.13,111.8,12534
2018-12-21,113.0,113.0,110.2,110.35,32724
2018-12-24,110.39,110.49,109.05,109.34,26124
2018-12-26,108.9,109.9,108.0,109.75,127657
2018-12-27,111.85,111.85,110.0,110.32,28966
2018-12-28,111.0,111.48,110.63,110.84,61690
2018-12-31,111.23,111.71,111.05,111.29,17645
2019-01-01,111.24,111.78,110.43,111.59,17472
2019-01-02,111.44,111.49,109.85,110.63,15344
2019-01-03,109.0,110.85,109.0,109.52,18719
2019-01-04,109.96,110.2,109.0,109.79,37292
2019-01-07,111.0,111.34,109.9,110.41,25631
2019-01-08,110.41,111.03,110.0,110.81,17883
2019-01-09,111.1,111.4,110.0,111.11,53612
2019-01-10,111.05,111.49,110.71,111.13,65633
2019-01-11,110.96,111.5,110.17,110.57,16660
2019-01-14,110.04,110.44,109.7,110.16,19561
2019-01-15,110.27,111.75,110.27,111.52,32883
2019-01-16,111.96,112.12,111.5,111.74,39333
2019-01-17,111.74,112.05,110.72,111.43,41512
2019-01-18,111.69,111.93,111.05,111.49,19731
2019-01-21,111.48,112.7,111.18,112.3,192799
2019-01-22,112.18,112.18,111.53,111.81,45406
2019-01-23,111.8,112.15,110.58,111.05,275615
2019-01-24,111.0,111.29,110.6,111.12,48378
2019-01-25,111.54,111.91,110.09,110.56,262197
2019-01-28,110.18,110.61,109.12,109.62,145842
2019-01-29,109.53,109.55,108.51,109.24,57952
2019-01-30,108.25,109.5,108.25,109.13,44597
2019-01-31,109.79,110.99,109.25,110.78,19063
2019-02-01,111.25,112.6,110.99,111.26,52680
2019-02-04,111.3,112.0,110.8,111.83,17362
2019-02-05,111.74,112.22,111.01,111.8,30165
2019-02-06,112.48,113.2,112.2,113.12,31672
2019-02-07,113.2,113.7,112.96,113.23,12962
2019-02-08,113.0,113.03,111.75,111.95,108438
2019-02-11,114.2,116.4,111.05,111.56,36155
2019-02-12,111.46,112.0,111.2,111.56,22780
2019-02-13,111.75,111.88,110.7,110.87,63992
2019-02-14,110.99,110.99,110.0,110.19,49611
2019-02-15,110.2,110.3,109.16,110.15,74138
2019-02-18,110.39,110.39,109.0,109.19,32823
2019-02-19,109.37,110.0,108.51,108.91,48590
2019-02-20,109.51,110.61,109.3,110.28,29481
2019-02-21,110.0,110.92,109.77,110.82,23262
2019-02-22,111.0,111.0,110.0,110.89,41268
2019-02-25,111.5,115.3,110.57,111.71,29486
2019-02-26,110.55,111.58,110.1,110.78,88200
2019-02-27,111.5,112.0,110.3,110.53,59297
2019-02-28,111.0,111.2,110.5,110.65,27742
2019-03-01,111.25,111.4,111.01,111.08,34891
2019-03-05,111.2,112.91,110.7,112.66,189069
2019-03-06,112.65,113.25,112.65,113.14,28121
2019-03-07,112.25,117.7,112.25,113.22,21852
2019-03-08,112.9,113.17,112.53,113.1,39266
2019-03-11,115.4,117.6,113.11,114.28,32330
2019-03-12,115.0,115.92,114.86,115.79,44813
2019-03-13,115.65,116.39,115.0,116.08,54670
2019-03-14,116.2,116.9,116.14,116.24,76788
2019-03-15,116.89,117.8,116.62,117.28,52298
2019-03-18,119.6,122.0,117.01,117.55,17624
2019-03-19,117.05,118.51,117.05,118.17,50491
2019-03-20,117.92,118.68,117.81,118.35,61629
2019-03-22,118.3,118.79,117.2,117.37,20473
2019-03-25,117.12,117.17,116.09,116.19,94071
2019-03-26,116.25,117.9,116.25,117.68,147805
2019-03-27,117.95,118.7,117.0,117.41,31194
2019-03-28,117.05,118.99,117.05,118.61,22528
2019-03-29,118.99,119.48,118.37,119.24,71055
2019-04-01,119.3,120.44,119.25,119.45,56525
2019-04-02,119.69,120.25,119.0,119.53,160346
2019-04-03,120.0,120.28,119.0,119.33,74944
2019-04-04,119.5,119.76,118.63,119.37,45820
2019-04-05,119.75,119.95,119.0,119.56,45407
2019-04-08,119.56,119.9,118.4,118.52,372443
2019-04-09,120.5,120.5,118.45,119.5,14323
2019-04-10,119.5,120.0,118.81,119.07,151301
2019-04-11,119.25,119.35,118.5,118.99,22796
2019-04-12,119.22,119.65,118.8,119.39,18694
2019-04-15,119.61,120.0,119.42,119.95,11868
2019-04-16,120.4,121.3,120.35,121.16,32514
2019-04-18,121.0,121.27,120.45,120.9,131296
2019-04-22,120.5,120.5,119.3,119.55,25900
2019-04-23,119.0,119.7,118.95,119.1,24375
2019-04-24,119.21,120.36,118.8,120.22,52559
2019-04-25,120.21,120.88,119.24,119.95,130196
2019-04-26,120.13,120.7,119.73,120.44,68375
2019-04-30,120.6,121.0,119.52,120.9,30757
2019-05-02,121.0,123.0,120.02,120.36,44181
2019-05-03,120.62,121.0,120.18,120.24,28652
2019-05-06,119.5,120.0,118.84,119.64,79758
2019-05-07,119.5,119.5,117.94,118.12,34977
2019-05-08,116.25,118.0,116.25,117.38,28582
2019-05-09,118.0,118.0,115.9,116.07,102318
2019-05-10,116.55,116.89,115.7,116.09,40973
2019-05-13,115.77,116.4,114.65,115.08,78726
2019-05-14,114.94,116.0,114.15,115.17,112760
2019-05-15,115.64,116.09,114.61,114.87,49677
2019-05-16,114.8,116.24,114.5,115.93,17045
2019-05-17,115.9,117.4,115.76,117.18,39838
2019-05-20,119.97,121.37,119.0,121.17,194960
2019-05-21,121.95,122.0,119.89,120.13,335524
2019-05-22,121.0,121.46,119.87,121.11,66053
2019-05-23,122.0,123.29,119.0,119.6,222364
2019-05-24,120.01,121.4,119.5,121.11,77585
2019-05-27,123.2,123.4,120.98,122.04,106969
2019-05-28,124.5,124.5,121.57,122.25,53681
2019-05-29,122.0,122.41,121.4,121.62,26257
2019-05-30,121.78,122.79,121.78,122.62,55592
2019-05-31,122.93,123.39,121.09,122.04,71281
2019-06-03,122.28,124.2,122.13,123.93,131866
2019-06-04,126.4,128.9,123.28,123.48,171697
2019-06-06,124.0,125.0,121.51,121.81,43370
2019-06-07,121.74,122.48,120.87,122.18,42334
2019-06-10,122.96,123.36,122.35,123.14,24095
2019-06-11,123.61,123.61,122.6,123.05,24603
2019-06-12,122.88,122.96,122.0,122.14,27227
2019-06-13,122.14,122.4,121.51,122.14,7346
2019-06-14,122.4,122.46,121.6,121.9,7495
2019-06-17,130.4,132.9,120.4,120.58,91492
2019-06-18,120.58,121.17,120.28,120.65,61001
2019-06-19,121.28,121.48,120.2,120.59,272322
2019-06-20,120.87,122.1,119.75,121.88,15103
2019-06-21,121.66,121.7,120.57,120.71,21507
2019-06-24,120.5,121.37,120.25,120.61,21829
2019-06-25,120.44,121.75,120.39,121.62,18921
2019-06-26,121.9,122.75,121.55,122.14,47235
2019-06-27,122.2,123.0,122.14,122.64,45771
2019-06-28,123.7,123.7,121.74,121.76,5471
2019-07-01,121.5,122.82,121.0,122.53,41138
2019-07-02,122.69,122.9,121.84,122.57,28031
2019-07-03,122.99,123.0,122.5,122.62,17401
2019-07-04,122.62,123.28,122.62,122.91,11032
2019-07-05,123.48,123.49,122.0,122.12,110669
2019-07-08,123.0,123.95,119.52,120.12,279280
2019-07-09,117.0,119.75,117.0,119.39,329024
2019-07-10,119.39,119.83,118.5,119.0,82060
2019-07-11,120.6,120.6,119.0,119.39,17820
2019-07-12,119.5,119.9,118.9,119.06,16681
2019-07-15,122.0,122.0,118.76,119.54,55070
2019-07-16,121.9,124.3,119.08,119.93,36224
2019-07-17,119.93,120.88,119.82,120.83,161855
2019-07-18,120.0,120.85,119.95,120.37,100264
2019-07-19,120.42,120.48,118.11,118.17,108217
2019-07-22,117.94,119.9,116.67,117.13,234375
2019-07-23,117.55,117.81,116.61,116.83,38436
2019-07-24,117.0,117.12,116.2,116.73,38374
2019-07-25,116.35,117.68,116.35,116.74,44798
2019-07-26,116.62,117.0,116.1,116.89,12863
2019-07-29,116.81,116.88,115.58,116.18,68870
2019-07-30,116.1,116.46,114.8,114.93,128343
2019-07-31,115.0,115.14,114.0,114.7,128413
2019-08-01,114.25,114.5,112.78,113.86,128857
2019-08-02,113.7,114.9,112.39,113.92,180378
2019-08-05,113.92,113.92,111.8,112.75,179461
2019-08-06,112.75,113.98,112.35,113.21,52532
2019-08-07,113.0,113.5,109.0,112.68,53493
2019-08-08,113.27,114.45,112.47,114.11,27673
2019-08-09,113.0,115.48,113.0,115.06,128758
2019-08-13,115.0,115.5,110.5,113.29,90460
2019-08-14,113.4,114.83,112.99,114.17,44719
2019-08-16,114.0,114.5,113.01,114.4,28435
2019-08-19,113.25,115.19,113.25,113.89,33660
2019-08-20,114.3,114.5,113.65,114.0,61428
2019-08-21,114.0,114.25,113.1,113.35,20412
2019-08-22,113.09,113.09,111.33,111.53,52832
2019-08-23,111.14,113.0,110.5,112.76,88813
2019-08-26,115.0,117.3,111.64,114.42,59798
2019-08-27,114.19,115.38,114.05,114.88,44244
2019-08-28,114.7,115.1,113.75,114.15,99815
2019-08-29,115.0,115.0,113.4,113.98,21489
2019-08-30,113.95,114.4,112.75,113.58,97606
2019-09-03,111.3,113.42,111.0,111.82,53518
2019-09-04,112.0,112.81,111.68,112.5,25504
2019-09-05,112.81,113.3,111.98,112.41,30043
2019-09-06,112.5,113.35,112.1,112.9,21233
2019-09-09,113.0,114.19,112.4,113.52,30125
2019-09-11,114.05,114.45,113.5,114.22,54802
2019-09-12,114.0,114.9,113.7,113.72,18568
2019-09-13,113.72,114.5,113.05,114.33,16719
2019-09-16,114.27,114.49,113.46,113.95,21880
2019-09-17,113.5,113.86,111.85,112.15,86088
2019-09-18,112.7,112.85,111.9,112.26,21246
2019-09-19,112.35,112.4,110.94,111.07,65129
2019-09-20,113.0,117.4,110.8,116.37,350719
2019-09-23,120.0,125.0,118.0,120.59,2042742
2019-09-24,120.59,123.0,119.31,119.93,799721
2019-09-25,118.55,119.95,118.55,118.88,84181
2019-09-26,119.2,120.25,119.2,119.62,471543
2019-09-27,120.0,120.15,119.3,119.52,423411
2019-09-30,119.56,119.7,118.23,119.46,487481
2019-10-01,119.51,120.0,117.0,117.49,220359
2019-10-03,117.01,117.79,116.5,117.08,34831
2019-10-04,117.4,117.9,115.95,116.03,96496
2019-10-07,116.15,116.7,115.36,115.82,196701
2019-10-09,118.1,128.6,115.25,116.97,55017
2019-10-10,116.82,117.08,116.06,116.45,18463
2019-10-11,116.69,117.47,115.81,116.7,27325
2019-10-14,117.0,117.9,116.8,117.31,58123
2019-10-15,117.6,118.4,117.3,118.0,65235
2019-10-16,115.6,118.7,105.0,118.18,84462
2019-10-17,118.02,119.64,118.02,119.49,29533
2019-10-18,118.95,121.0,118.95,120.36,102418
2019-10-22,120.61,121.0,119.75,119.98,69537
2019-10-23,120.0,120.5,119.5,119.6,31506
2019-10-24,120.06,120.78,119.5,119.91,49399
2019-10-25,119.99,120.6,119.5,120.34,142949
2019-10-29,120.16,122.0,120.12,121.74,63187
2019-10-30,121.7,122.68,121.7,122.12,56824
2019-10-31,122.39,123.2,122.2,122.52,44133
2019-11-01,122.5,123.68,122.26,122.84,1083750
2019-11-04,123.17,123.89,122.49,123.28,101711
2019-11-05,123.1,123.55,122.6,123.22,25714
2019-11-06,123.0,124.0,122.56,123.59,41912
2019-11-07,123.6,124.3,123.5,124.0,603936
2019-11-08,123.8,124.65,123.0,123.27,125395
2019-11-11,123.11,123.72,122.47,123.19,41667
2019-11-13,123.39,123.55,122.17,122.34,24139
2019-11-14,122.68,123.0,121.9,122.48,1377969
2019-11-15,124.9,125.0,122.52,123.09,896449
2019-11-18,123.31,123.32,122.74,122.77,94057
2019-11-19,123.3,123.5,122.55,123.36,56442
2019-11-20,120.9,125.8,109.8,123.78,90583
2019-11-21,124.0,124.4,122.15,123.9,43621
2019-11-22,123.9,123.9,122.9,122.99,16117
2019-11-25,123.23,124.62,122.92,124.57,170112
2019-11-26,124.65,124.95,124.04,124.74,322450
2019-11-27,124.62,124.97,124.6,124.86,28778
2019-11-28,124.74,126.45,124.74,126.3,948845
2019-11-29,126.22,126.22,124.8,125.34,19046
2019-12-02,124.81,125.56,123.75,125.01,258119
2019-12-03,125.05,125.05,123.67,124.19,24672
2019-12-04,126.7,129.2,123.7,124.75,14780
2019-12-05,125.99,125.99,124.02,124.28,20471
2019-12-06,124.77,124.8,123.65,124.25,76675
2019-12-09,126.7,129.2,123.5,123.94,16500
2019-12-10,125.9,125.9,122.58,123.21,137867
2019-12-11,124.0,124.0,122.8,123.11,12334
2019-12-12,123.11,124.57,123.11,123.95,175310
2019-12-13,124.24,125.45,124.21,125.12,33313
2019-12-16,125.0,125.48,124.6,124.77,24588
2019-12-17,124.8,125.86,124.8,125.73,164826
2019-12-18,125.95,126.3,125.56,126.15,115913
2019-12-19,126.35,126.5,125.72,126.39,45280
2019-12-20,126.39,126.78,126.39,126.49,29008
2019-12-23,140.4,149.3,126.1,126.44,29439
2019-12-24,126.4,126.97,126.1,126.37,18244
2019-12-26,127.39,127.39,125.05,125.4,26252
2019-12-27,125.5,127.0,125.2,126.56,33245
2019-12-30,129.1,130.0,126.49,127.46,3079677
2019-12-31,126.6,127.46,126.25,126.82,35911
2020-01-01,127.79,130.0,125.89,126.47,10187
2020-01-02,135.3,135.3,126.41,127.01,11268
2020-01-03,127.01,132.46,126.14,126.33,160741
2020-01-06,126.0,126.38,124.45,124.65,37628
2020-01-07,124.71,126.3,124.71,125.24,24864
2020-01-08,125.24,125.24,123.91,124.82,27818
2020-01-09,125.59,126.74,125.55,126.47,20451
2020-01-10,127.05,127.5,126.45,126.72,13884
2020-01-13,127.14,127.69,127.14,127.5,89117
2020-01-14,128.5,128.5,127.28,127.87,15692
2020-01-15,127.7,128.0,127.2,127.98,12698
2020-01-16,136.9,139.5,116.5,127.84,27445
2020-01-17,127.84,128.34,127.48,128.09,6392
2020-01-20,128.09,128.09,126.91,127.02,18762
2020-01-21,127.02,127.07,126.05,126.25,13467
2020-01-22,126.95,126.95,125.5,125.74,24401
2020-01-23,125.95,126.61,125.4,126.35,8159
2020-01-24,126.07,127.4,125.79,127.33,29014
2020-01-27,126.53,126.95,125.65,126.09,64413
2020-01-28,127.38,127.38,125.0,125.27,62334
2020-01-29,125.9,126.29,125.02,125.68,91743
2020-01-30,125.4,125.65,124.6,125.36,67068
2020-01-31,125.5,125.54,123.99,124.0,117186
2020-02-03,121.64,122.18,121.1,121.33,74014
2020-02-04,123.48,124.5,122.0,124.38,864690
2020-02-05,124.4,125.5,124.0,125.25,14760
2020-02-06,125.31,125.95,125.14,125.6,169954
2020-02-07,125.12,125.95,125.01,125.44,42155
2020-02-10,125.44,125.44,124.16,124.69,26420
2020-02-11,124.89,126.15,124.89,125.48,34459
2020-02-12,126.0,128.7,125.9,126.6,169018
2020-02-13,126.55,126.55,125.72,126.01,17162
2020-02-14,126.9,126.9,125.1,125.29,16246
2020-02-17,131.8,131.8,124.73,125.2,20226
2020-02-18,124.7,124.79,123.77,124.41,44508
2020-02-19,125.35,125.74,124.76,125.69,49123
2020-02-20,125.69,125.75,125.04,125.44,33902
2020-02-24,127.9,130.5,122.75,123.09,60991
2020-02-25,123.1,123.5,122.48,122.56,46669
2020-02-26,122.0,122.3,120.77,121.39,39079
2020-02-27,121.2,121.2,120.15,120.55,57298
2020-02-28,119.5,119.5,116.15,116.78,204946
2020-03-02,118.28,118.59,116.23,116.79,117149
2020-03-03,119.1,121.5,116.15,117.43,56436
2020-03-04,117.34,117.78,115.5,116.87,56076
2020-03-05,119.2,119.2,116.93,117.13,32413
2020-03-06,119.5,121.8,112.6,114.83,215819
2020-03-09,117.1,119.4,108.1,109.95,714827
2020-03-11,109.95,109.95,107.96,109.16,178701
2020-03-12,109.16,109.16,100.2,101.83,795380
2020-03-13,110.0,110.0,93.1,104.73,455916
2020-03-16,104.73,104.73,95.9,96.58,3004280
2020-03-17,123.96,123.96,94.0,95.29,368348
2020-03-18,97.0,97.0,89.95,90.45,855965
2020-03-19,90.45,91.97,85.15,86.26,1173490
2020-03-20,88.49,91.41,85.25,89.96,691456
2020-03-23,85.0,87.0,81.01,82.09,744160
2020-03-24,88.0,101.0,81.95,84.04,273654
2020-03-25,84.1,87.0,82.2,86.22,539564
2020-03-26,86.22,90.9,85.5,89.39,505888
2020-03-27,89.4,94.5,88.5,90.01,241027
2020-03-30,88.2,89.0,86.15,86.62,557168
2020-03-31,87.99,89.75,87.0,88.53,238707
2020-04-01,88.5,90.0,86.2,86.72,157842
2020-04-03,86.72,87.44,84.0,84.58,452238
2020-04-07,87.99,90.95,86.0,90.66,322728
2020-04-08,90.5,94.38,88.81,91.02,826442
2020-04-09,93.8,94.2,91.5,93.58,216267
2020-04-13,93.99,94.25,92.13,93.67,687525
2020-04-15,95.49,96.0,92.5,93.23,1046384
2020-04-16,92.94,94.24,91.71,93.85,706948
2020-04-17,97.6,97.6,93.67,95.21,355211
2020-04-20,96.59,96.65,95.35,96.12,257099
2020-04-21,96.0,96.0,92.88,93.39,474605
2020-04-22,93.4,95.45,92.8,95.05,184104
2020-04-23,95.45,96.95,94.8,96.31,245429
2020-04-24,96.5,96.5,94.72,94.98,116008
2020-04-27,96.1,96.98,95.86,96.42,82729
2020-04-28,97.0,97.39,95.95,96.91,366038
2020-04-29,97.61,99.6,97.06,99.24,403378
2020-04-30,103.2,108.2,99.5,101.38,250846
2020-05-04,98.88,98.88,96.0,96.56,807681
2020-05-05,99.5,102.4,95.5,95.78,101797
2020-05-06,95.78,96.75,94.75,95.9,108612
2020-05-07,95.3,96.0,94.67,95.41,255772
2020-05-08,96.7,97.02,95.59,95.91,130466
2020-05-11,95.91,97.75,95.5,95.77,71615
2020-05-12,95.3,96.1,94.0,95.62,66482
2020-05-13,99.0,99.41,97.21,97.5,109188
2020-05-14,96.6,96.6,95.06,95.58,108978
2020-05-15,96.0,96.0,94.0,94.96,216693
2020-05-18,95.0,95.0,91.73,91.9,153624
2020-05-19,93.0,93.96,92.2,92.58,93810
2020-05-20,92.58,94.6,92.5,94.15,38748
2020-05-21,94.45,95.15,94.05,94.56,39142
2020-05-22,94.01,95.0,93.5,93.86,42377
2020-05-26,94.9,95.2,93.7,94.08,39015
2020-05-27,94.9,96.5,93.7,96.22,50367
2020-05-28,96.0,98.0,96.0,97.85,94642
2020-05-29,97.5,99.5,97.0,99.13,353588
2020-06-01,99.6,102.79,99.6,101.61,422087
2020-06-02,102.0,103.4,101.52,103.18,98080
2020-06-03,103.5,107.0,103.5,104.03,447843
2020-06-04,104.35,105.0,102.9,103.8,128135
2020-06-05,104.09,105.65,104.03,105.02,50729
2020-06-08,106.62,106.8,105.0,105.29,137091
2020-06-09,105.3,106.9,99.0,104.1,99903
2020-06-10,104.45,105.61,104.33,104.94,66893
2020-06-11,104.94,113.9,102.97,103.28,384668
2020-06-12,101.98,103.94,100.0,103.56,66278
2020-06-15,103.22,103.25,101.02,102.13,56910
2020-06-16,106.2,108.92,101.0,102.74,44671
2020-06-17,103.0,103.72,102.2,102.56,28066
2020-06-18,102.89,104.9,102.05,104.37,50003
2020-06-19,104.9,106.42,104.49,105.88,365304
2020-06-22,105.88,107.39,105.88,106.59,73537
2020-06-23,106.54,108.5,106.54,108.2,68913
2020-06-24,108.2,109.21,106.11,106.3,169123
2020-06-25,105.99,107.27,105.6,106.05,118955
2020-06-26,106.45,108.07,106.41,107.42,92511
2020-06-29,107.04,107.4,105.79,106.67,128909
2020-06-30,107.0,107.86,106.35,106.92,82786
2020-07-01,106.67,108.5,106.0,108.4,160900
2020-07-02,109.0,109.6,107.93,109.3,501155
2020-07-03,109.39,110.19,109.39,109.9,72673
2020-07-06,110.33,111.78,110.33,111.15,561598
2020-07-07,112.25,112.32,110.95,111.99,350450
2020-07-08,111.99,112.8,110.9,111.2,364728
2020-07-09,111.29,112.5,111.29,112.06,409771
2020-07-10,111.6,112.0,111.08,111.57,94023
2020-07-13,112.2,112.86,111.5,112.55,211306
2020-07-14,112.43,112.43,109.86,110.18,123810
2020-07-15,110.89,112.17,109.9,110.43,511601
2020-07-16,113.7,115.98,109.9,111.29,63063
2020-07-17,112.0,113.1,111.69,112.63,576525
2020-07-20,113.0,114.4,113.0,114.29,389081
2020-07-21,114.2,116.25,114.2,116.03,229551
2020-07-22,115.95,116.24,114.61,115.29,46153
2020-07-23,115.95,116.46,115.66,116.16,87009
2020-07-24,116.16,119.4,111.35,115.96,109719
2020-07-27,133.4,133.4,114.9,115.31,418763
2020-07-28,115.0,117.51,111.0,117.27,37840
2020-07-29,117.2,117.68,115.99,116.22,302340
2020-07-30,117.0,117.2,115.05,115.35,72119
2020-07-31,115.7,115.88,115.0,115.35,20795
2020-08-03,115.87,115.87,113.22,113.41,680605
2020-08-04,114.0,115.65,113.5,115.38,238826
2020-08-05,115.9,116.5,115.15,115.72,20041
2020-08-06,116.0,116.8,115.41,116.06,123191
2020-08-07,116.01,116.73,115.82,116.55,28265
2020-08-10,116.61,117.5,116.61,116.97,72623
2020-08-11,119.0,119.0,117.29,117.98,228598
2020-08-12,118.0,118.0,116.32,117.48,27448
2020-08-13,117.86,118.02,117.26,117.4,22967
2020-08-14,117.56,118.25,115.8,116.31,55327
2020-08-17,116.31,117.5,116.0,116.76,36567
2020-08-18,117.0,118.44,117.0,118.13,55257
2020-08-19,118.5,119.3,118.5,118.9,130251
2020-08-20,118.9,118.9,117.21,117.81,61383
2020-08-21,118.8,119.0,117.97,118.1,24196
2020-08-24,119.08,119.25,118.41,118.99,119993
2020-08-25,119.25,119.58,118.79,119.12,79790
2020-08-26,119.55,120.0,119.02,119.98,68363
2020-08-27,120.04,120.6,120.01,120.1,56726
2020-08-28,120.33,121.14,120.33,120.87,283043
2020-08-31,121.02,122.21,117.72,118.14,734371
2020-09-01,125.2,125.2,117.75,119.18,128318
2020-09-02,119.88,119.99,118.8,119.87,33763
2020-09-03,115.0,120.4,115.0,119.74,133156
2020-09-04,118.17,118.98,118.0,118.16,145029
2020-09-07,123.0,123.0,117.3,117.81,62079
2020-09-08,135.5,135.5,117.65,117.85,22800
2020-09-09,116.5,118.65,114.33,117.42,149790
2020-09-10,117.56,119.35,117.56,118.98,25721
2020-09-11,118.56,119.49,118.55,119.01,32929
2020-09-14,119.45,120.22,118.47,119.47,1426961
2020-09-15,119.6,120.31,119.32,120.02,17103
2020-09-16,120.44,120.74,119.91,120.57,33147
2020-09-17,120.38,120.52,119.59,119.89,226089
2020-09-18,123.5,127.1,119.33,119.58,152316
2020-09-21,123.2,126.8,116.6,116.92,597649
2020-09-22,118.9,118.9,115.38,116.09,55135
2020-09-23,117.5,117.5,115.1,115.89,125179
2020-09-24,115.0,115.05,112.8,113.31,70249
2020-09-25,114.0,115.15,112.94,115.01,36156
2020-09-28,116.09,117.25,115.5,117.17,26791
2020-09-29,117.5,117.89,116.28,116.93,64995
2020-09-30,117.02,117.3,116.6,117.01,21245
2020-10-01,117.9,119.2,117.85,118.87,48766
2020-10-05,119.99,120.19,119.11,119.83,112652
2020-10-06,120.29,121.3,120.1,121.12,32386
2020-10-07,121.1,122.2,120.86,121.94,25235
2020-10-08,122.54,123.62,122.51,122.99,114128
2020-10-09,119.3,124.0,115.6,123.7,39164
2020-10-12,124.31,124.82,123.34,123.8,236694
2020-10-13,139.9,139.9,123.36,124.37,139721
2020-10-14,124.07,124.65,122.74,124.4,549743
2020-10-15,124.65,124.78,121.66,121.75,124447
2020-10-16,122.59,122.9,121.65,122.55,32916
2020-10-19,123.5,123.88,122.78,123.86,121784
2020-10-20,123.43,124.14,123.43,123.62,27597
2020-10-21,123.3,124.89,122.67,124.18,192527
2020-10-22,124.11,124.39,123.1,123.61,21966
2020-10-23,123.81,124.8,123.8,124.02,9541
2020-10-26,124.0,124.67,122.25,122.7,43489
2020-10-27,117.8,123.97,117.8,123.81,25018
2020-10-28,123.5,124.16,122.17,122.63,182447
2020-10-29,122.7,122.7,121.33,121.62,21942
2020-10-30,121.62,122.5,120.6,121.37,22267
2020-11-02,121.37,122.35,120.85,121.52,26955
2020-11-03,122.18,123.2,121.84,122.98,20422
2020-11-04,123.1,124.11,122.72,123.95,60000
2020-11-05,125.24,126.25,125.05,126.07,297532
2020-11-06,125.85,127.99,125.85,127.73,49677
2020-11-09,139.2,139.2,128.35,129.76,161122
2020-11-10,141.4,141.4,129.05,131.84,172552
2020-11-11,143.7,143.7,130.77,132.62,77739
2020-11-12,131.76,132.94,131.05,131.95,41804
2020-11-13,131.95,132.9,131.24,132.61,27173
2020-11-17,134.5,134.5,133.16,133.98,51529
2020-11-18,134.0,135.4,133.5,134.96,456894
2020-11-19,135.74,135.74,132.81,133.47,56843
2020-11-20,133.66,134.46,132.8,133.76,86973
2020-11-23,135.29,135.29,134.02,134.55,32485
2020-11-24,135.55,136.18,134.82,135.78,63999
2020-11-25,136.1,136.85,133.7,134.03,30049
2020-11-26,135.2,136.49,133.6,135.29,39913
2020-11-27,135.94,135.99,134.69,135.2,42417
2020-12-01,135.2,137.0,135.03,136.47,48344
2020-12-02,136.6,137.0,135.69,136.63,29397
2020-12-03,137.59,138.0,136.85,137.17,75624
2020-12-04,140.9,140.9,137.01,137.98,30304
2020-12-07,138.44,139.2,137.93,139.04,47383
2020-12-08,139.87,139.9,138.75,139.51,29985
2020-12-09,140.59,141.0,139.31,140.81,38481
2020-12-10,140.64,140.7,139.5,140.3,96531
2020-12-11,143.9,143.9,139.53,140.62,73665
2020-12-14,140.66,141.5,140.66,141.34,20795
2020-12-15,140.0,141.6,140.0,141.25,34329
2020-12-16,142.47,142.65,141.61,142.32,86772
2020-12-17,142.92,143.23,142.46,143.0,182534
2020-12-18,142.8,143.49,142.18,143.26,51295
2020-12-21,143.75,143.9,137.06,139.14,87965
2020-12-22,139.14,140.95,137.34,140.6,99448
2020-12-23,143.9,143.9,140.01,141.83,12625
2020-12-24,142.0,143.66,142.0,143.42,27106
2020-12-28,143.25,145.0,143.0,144.43,113262
2020-12-29,144.9,146.05,144.33,144.91,85076
2020-12-30,145.99,146.0,144.36,145.59,62498
2020-12-31,145.03,146.0,145.03,145.65,15235
2021-01-01,146.58,146.6,145.65,146.2,24868
2021-01-04,146.7,147.7,145.6,147.2,54676
2021-01-05,147.37,148.0,146.7,147.82,17555
2021-01-06,147.82,148.59,146.9,147.5,143047
2021-01-07,151.15,151.15,147.26,147.74,13229
2021-01-08,148.73,149.57,148.1,149.2,30260
2021-01-11,149.65,150.88,149.5,150.67,36651
2021-01-12,150.54,151.79,150.0,151.65,43777
2021-01-13,152.0,152.99,150.5,151.79,93079
2021-01-14,160.9,160.9,150.8,151.95,90241
2021-01-15,151.86,152.05,150.0,150.13,56076
2021-01-18,150.13,154.97,148.65,149.34,28143
2021-01-19,154.89,156.3,149.2,151.29,25682
2021-01-20,151.99,152.98,151.2,152.49,23632
2021-01-21,152.54,154.04,151.22,151.85,49950
2021-01-22,152.8,152.95,150.25,150.57,21971
2021-01-25,151.25,151.41,148.65,149.05,40017
2021-01-27,149.05,162.5,145.6,145.86,143270
2021-01-28,144.83,145.51,143.32,144.34,390312
2021-01-29,144.6,153.0,142.17,142.74,213904
2021-02-01,145.03,149.0,142.72,148.4,1502194
2021-02-02,150.0,153.25,149.43,152.19,186781
2021-02-03,152.36,154.5,151.83,153.74,157644
2021-02-04,153.35,155.0,152.93,154.73,62184
2021-02-05,154.73,156.49,152.0,155.17,60961
2021-02-08,169.1,169.1,155.5,156.89,1158399
2021-02-09,157.44,158.44,156.44,156.93,160716
2021-02-10,161.6,161.97,156.0,157.47,162410
2021-02-11,162.2,166.9,156.51,158.24,23285
2021-02-12,172.5,172.5,157.16,158.42,17241
2021-02-15,172.7,172.7,157.96,159.74,90547
2021-02-16,161.67,161.67,159.11,159.65,44609
2021-02-17,159.73,159.73,158.12,158.5,10386
2021-02-18,159.27,159.35,157.18,157.79,29488
2021-02-19,157.36,158.39,156.0,156.49,233814
2021-02-22,160.7,160.7,153.0,153.39,109920
2021-02-23,153.7,155.7,153.0,153.87,39428
2021-02-24,154.46,160.0,153.8,156.53,18049
2021-02-25,159.7,159.7,157.27,157.98,62591
2021-02-26,153.0,158.0,143.8,152.22,202995
2021-03-01,165.9,165.9,152.97,154.46,72431
2021-03-02,150.0,156.78,150.0,155.98,36517
2021-03-03,157.26,159.55,156.63,159.26,62852
2021-03-04,157.34,158.75,156.1,157.65,22729
2021-03-05,156.33,157.7,154.5,156.32,34089
2021-03-08,160.0,160.0,155.95,156.51,26996
2021-03-09,157.9,158.25,156.06,157.97,173337
2021-03-10,162.96,162.96,157.7,158.52,52656
2021-03-12,160.4,160.4,156.4,156.72,39976
2021-03-15,161.87,161.87,154.6,156.24,113793
2021-03-16,156.95,157.59,155.71,156.0,15025
2021-03-17,157.44,157.44,153.55,153.91,182100
2021-03-18,150.2,158.5,150.16,152.24,57827
2021-03-19,156.87,156.87,150.1,154.44,57700
2021-03-22,155.49,155.49,152.75,153.87,34287
2021-03-23,158.0,158.77,153.88,154.54,24585
2021-03-24,153.88,154.44,151.88,152.21,37043
2021-03-25,151.61,152.3,149.79,150.38,48024
2021-03-26,151.95,152.7,151.13,151.8,15197
2021-03-30,156.86,156.86,152.66,154.91,117356
2021-03-31,154.53,154.55,152.88,152.97,25387
2021-04-01,152.97,155.31,152.97,155.1,37533
2021-04-05,159.97,159.97,151.51,153.32,207804
2021-04-06,154.74,154.86,152.35,153.95,185021
2021-04-07,149.3,156.9,149.3,155.04,221291
2021-04-08,158.0,158.0,154.88,155.51,199017
2021-04-09,155.54,155.74,154.33,154.91,135391
2021-04-12,154.91,154.91,150.1,151.74,223880
2021-04-13,147.2,152.17,147.12,151.91,99488
2021-04-15,155.87,155.87,150.32,152.32,30774
2021-04-16,152.0,153.52,152.0,152.64,33775
2021-04-19,150.0,150.66,148.64,150.45,123006
2021-04-20,152.4,152.4,149.03,149.71,61561
2021-04-22,149.21,150.93,148.42,150.85,144588
2021-04-23,150.32,151.64,149.6,150.13,109359
2021-04-26,151.3,152.1,150.78,151.55,29585
2021-04-27,151.5,153.18,151.5,153.07,48143
2021-04-28,153.15,155.32,153.15,155.1,37387
2021-04-29,156.44,156.99,154.8,155.29,19842
2021-04-30,155.0,155.18,152.5,153.35,69122
2021-05-03,153.0,153.7,151.0,153.19,23578
2021-05-04,155.4,155.4,151.5,151.85,20155
2021-05-05,153.09,153.3,151.95,153.01,29212
2021-05-06,153.89,154.17,153.0,154.01,9081
2021-05-07,154.79,155.52,154.3,154.77,33331
2021-05-10,168.7,168.7,155.38,155.81,34079
2021-05-11,153.3,161.9,153.3,155.09,253474
2021-05-12,155.08,155.08,153.35,153.83,59191
2021-05-14,154.0,154.19,152.9,153.76,42025
2021-05-17,154.51,155.9,153.96,155.68,126441
2021-05-18,156.9,157.85,156.9,157.55,30533
2021-05-19,152.52,157.85,152.52,156.95,113733
2021-05-20,150.7,157.42,150.7,155.93,165044
2021-05-21,158.0,158.4,156.14,158.23,44565
2021-05-24,163.0,163.0,157.55,158.68,31416
2021-05-25,155.0,160.0,155.0,158.77,32334
2021-05-26,160.0,160.0,158.62,159.54,41793
2021-05-27,159.32,160.7,159.31,160.2,27805
2021-05-28,160.3,161.95,160.3,161.09,51399
2021-05-31,185.3,185.3,160.45,162.77,33504
2021-06-01,162.4,163.56,162.39,163.01,47287
2021-06-02,162.74,163.59,162.03,163.39,20715
2021-06-03,163.6,164.41,163.09,164.08,151530
2021-06-04,188.7,188.7,163.6,164.05,16759
2021-06-07,178.8,178.8,164.05,164.69,28867
2021-06-08,168.86,168.86,164.0,164.58,31793
2021-06-09,153.1,165.1,149.8,163.7,45679
2021-06-10,178.4,178.4,152.2,164.59,75301
2021-06-11,165.39,165.87,165.0,165.42,19444
2021-06-14,169.75,169.75,163.61,165.61,83599
2021-06-15,166.41,166.49,165.38,166.25,23586
2021-06-16,166.25,166.47,165.24,165.54,177776
2021-06-17,175.5,175.5,164.15,164.86,50932
2021-06-18,150.0,165.58,150.0,164.83,20483
2021-06-21,164.0,165.37,162.89,165.24,29303
2021-06-22,166.3,166.5,165.1,165.29,109242
2021-06-23,175.2,175.2,164.59,164.74,17233
2021-06-24,165.17,165.92,164.97,165.75,13666
2021-06-25,180.7,180.7,165.45,166.36,90099
2021-06-28,166.0,167.11,165.72,165.97,23046
2021-06-29,165.08,166.21,165.0,165.22,14677
2021-06-30,165.97,166.2,165.1,165.14,11196
2021-07-01,165.14,165.39,164.5,164.78,14999
2021-07-02,165.09,165.42,164.0,164.9,117388
2021-07-05,167.0,174.81,164.55,166.02,87903
2021-07-06,166.13,167.0,165.98,166.1,93853
2021-07-07,166.5,166.76,165.9,166.66,42542
2021-07-08,167.41,167.42,164.9,165.43,285152
2021-07-09,170.4,170.4,164.16,165.11,19010
2021-07-12,165.25,166.17,164.5,165.07,22240
2021-07-13,165.35,166.85,165.35,166.01,18736
2021-07-14,165.4,166.88,165.4,166.55,7517
2021-07-15,166.66,168.4,166.09,167.2,68930
2021-07-16,168.9,168.9,166.25,167.38,23015
2021-07-19,165.91,166.5,165.1,165.65,94533
2021-07-20,165.0,165.24,163.96,164.64,496518
2021-07-22,165.0,166.35,165.0,166.18,88069
2021-07-23,165.36,166.99,165.36,166.54,17113
2021-07-26,166.8,168.0,165.91,166.22,114267
2021-07-27,166.0,167.0,165.3,165.55,92703
2021-07-28,165.11,165.6,163.44,165.45,15371
2021-07-29,166.1,166.94,165.5,165.96,16441
2021-07-30,166.4,166.6,165.4,165.95,55019
2021-08-02,166.75,167.0,166.2,166.83,17371
2021-08-03,166.15,169.35,166.15,169.13,24222
2021-08-04,169.8,170.9,169.5,170.63,114188
2021-08-05,171.5,171.5,168.68,171.1,83376
2021-08-06,172.98,172.98,170.56,170.62,9576
2021-08-09,169.55,171.8,169.55,171.19,97712
2021-08-10,171.25,172.2,170.7,171.29,85615
2021-08-11,171.9,171.9,170.12,171.25,47088
2021-08-12,172.0,172.16,171.25,172.01,9456
2021-08-13,174.0,174.0,172.41,173.56,60395
2021-08-16,174.0,174.49,172.0,174.33,11781
2021-08-17,174.8,174.92,173.62,174.68,90920
2021-08-18,176.4,176.4,173.6,174.5,60920
2021-08-20,176.0,176.0,172.05,173.18,689107
2021-08-23,175.4,175.4,172.05,173.65,23678
2021-08-24,175.48,175.48,173.46,175.1,68145
2021-08-25,179.83,179.83,174.94,175.14,15147
2021-08-26,174.55,176.4,174.55,175.25,45937
2021-08-27,176.98,176.98,174.48,175.94,49973
2021-08-30,176.8,178.45,175.0,178.11,61361
2021-08-31,177.6,180.44,177.6,180.22,15336
2021-09-01,180.9,181.31,179.8,179.96,58403
2021-09-02,184.4,184.4,179.5,181.3,108421
2021-09-03,190.0,192.2,179.33,182.27,59872
2021-09-06,186.77,186.77,180.93,183.04,37650
2021-09-07,183.4,183.43,182.03,182.6,42057
2021-09-08,187.7,187.7,181.79,182.8,90509
2021-09-09,183.4,183.4,181.0,182.59,10881
2021-09-13,183.69,183.69,181.42,182.88,31554
2021-09-14,187.82,187.82,182.78,182.93,112676
2021-09-15,184.75,184.8,182.95,184.59,172602
2021-09-16,185.8,186.4,182.68,185.62,38326
2021-09-17,187.39,187.39,185.0,185.36,75705
2021-09-20,187.4,187.4,183.0,183.45,27202
2021-09-21,184.0,185.16,181.55,184.92,23866
2021-09-22,183.0,187.35,183.0,185.04,27482
2021-09-23,186.98,187.75,185.1,187.56,158551
2021-09-24,192.78,192.78,187.26,187.77,24810
2021-09-27,204.7,204.7,187.42,187.56,18096
2021-09-28,189.16,189.16,184.86,186.8,35690
2021-09-29,186.98,187.19,185.25,186.36,32512
2021-09-30,186.03,188.2,185.3,185.81,31117
2021-10-01,187.5,187.5,183.8,184.75,51316
2021-10-04,185.3,186.99,185.0,186.56,15379
2021-10-05,187.1,187.95,185.76,187.82,12214
2021-10-06,186.6,189.3,185.5,185.72,42636
2021-10-07,188.4,188.4,185.83,186.97,45487
2021-10-08,187.49,188.48,187.3,187.89,17806
2021-10-11,192.0,192.0,187.87,188.41,47275
2021-10-12,186.53,189.9,186.53,189.03,83756
2021-10-13,191.4,192.0,189.81,191.53,734861
2021-10-14,191.53,192.59,191.52,192.42,42473
2021-10-18,194.0,195.2,192.75,194.27,124153
2021-10-19,196.28,196.28,193.11,193.64,23304
2021-10-20,194.99,194.99,191.78,192.4,57477
2021-10-21,194.0,194.0,189.9,191.41,86961
2021-10-22,193.08,193.45,190.13,190.86,78058
2021-10-25,194.83,194.83,189.5,191.12,40473
2021-10-26,193.18,193.18,190.0,192.07,19500
2021-10-27,193.62,193.62,191.5,191.76,11282
2021-10-28,193.12,193.12,187.95,188.33,218679
2021-10-29,188.0,189.85,185.54,186.6,89137
2021-11-01,189.9,189.9,186.74,189.22,39122
2021-11-02,189.22,192.0,188.29,188.81,45271
2021-11-03,192.6,192.6,184.45,188.03,131168
2021-11-04,189.93,189.93,188.5,188.76,27269
2021-11-08,193.85,193.85,188.4,190.48,65009
2021-11-09,193.9,193.9,189.61,190.26,17407
2021-11-10,190.26,190.34,189.0,189.92,22042
2021-11-11,191.22,191.22,187.8,188.4,42533
2021-11-12,189.83,191.0,187.59,190.86,13569
2021-11-15,192.88,192.88,188.88,190.81,28926
2021-11-16,191.5,191.5,189.34,189.75,24192
2021-11-17,188.91,190.98,188.65,188.91,15053
2021-11-18,189.98,190.09,186.6,187.57,219675
2021-11-22,187.57,190.0,182.53,184.01,138280
2021-11-23,188.81,188.81,182.11,184.68,40379
2021-11-24,184.0,186.01,183.26,184.04,31133
2021-11-25,184.04,185.2,183.01,184.96,14410
2021-11-26,188.0,188.0,179.46,179.82,175625
2021-11-29,184.86,184.86,178.0,180.12,52201
2021-11-30,180.38,182.73,178.57,179.1,36339
2021-12-01,183.83,183.83,180.0,181.09,33396
2021-12-02,181.5,183.91,181.0,183.84,361021
2021-12-03,188.85,188.85,181.22,181.65,130899
2021-12-06,186.84,186.84,178.41,178.63,52100
2021-12-07,183.87,183.87,178.63,181.3,22089
2021-12-08,204.9,204.9,181.3,183.97,33005
2021-12-09,185.8,185.8,182.55,184.75,18041
2021-12-10,185.0,185.0,183.25,184.59,11918
2021-12-13,186.68,186.68,183.05,183.46,14730
2021-12-14,182.0,184.48,181.5,182.92,32616
2021-12-15,183.0,187.9,181.45,181.82,48920
2021-12-16,186.83,186.83,181.49,182.12,11136
2021-12-17,182.57,184.4,179.07,179.38,42665
2021-12-20,179.38,181.0,173.17,175.56,161358
2021-12-21,178.0,178.68,176.1,177.02,42377
2021-12-22,200.0,200.0,177.5,179.04,12356
2021-12-23,182.5,182.5,178.91,179.8,12776
2021-12-24,180.5,180.5,178.2,179.03,30452
2021-12-27,179.03,180.5,177.45,180.09,19995
2021-12-28,180.85,181.88,180.64,181.48,11832
2021-12-29,182.09,184.0,181.2,181.84,21464
2021-12-30,182.99,182.99,181.3,181.77,33974
2021-12-31,182.0,184.0,181.31,183.03,24645
2022-01-03,187.9,187.9,183.03,186.19,312565
2022-01-04,186.79,190.0,185.62,187.82,341653
2022-01-05,187.4,189.1,187.25,188.67,17801
2022-01-06,188.05,188.26,186.1,187.25,26456
2022-01-07,188.02,188.83,186.69,187.94,200562
2022-01-10,191.55,191.55,188.53,189.73,21480
2022-01-11,191.0,191.0,189.26,190.04,220810
2022-01-12,191.42,191.7,190.81,191.54,23340
2022-01-13,197.87,197.87,191.0,192.23,26838
2022-01-14,188.4,192.8,188.4,192.46,18467
2022-01-17,196.89,196.89,189.6,193.03,17884
2022-01-18,197.84,197.84,190.82,191.12,32560
2022-01-19,195.89,195.89,188.79,189.34,28952
2022-01-20,185.55,190.5,185.55,187.49,91905
2022-01-21,187.3,188.0,184.75,186.14,71382
2022-01-24,185.0,186.2,179.64,181.19,231163
2022-01-25,181.19,184.81,177.82,182.5,205061
2022-01-27,182.0,182.0,178.3,180.83,72031
2022-01-28,184.0,184.45,180.5,180.69,43532
2022-01-31,183.3,183.88,182.26,183.03,74258
2022-02-01,184.8,185.9,182.45,185.39,38734
2022-02-02,188.0,188.0,186.11,187.47,32546
2022-02-03,189.9,189.9,184.9,185.48,38672
2022-02-04,185.48,187.0,184.38,185.03,12697
2022-02-07,185.03,186.98,180.86,181.93,52311
2022-02-08,184.1,186.8,180.01,182.37,48293
2022-02-09,185.0,185.0,182.73,184.48,17488
2022-02-10,184.47,186.4,184.01,185.53,24567
2022-02-11,184.1,184.28,182.49,183.39,33007
2022-02-14,179.8,182.5,177.55,177.97,132294
2022-02-15,181.0,183.32,177.63,183.01,52128
2022-02-16,184.9,184.9,181.5,182.52,28244
2022-02-17,183.0,184.9,180.53,182.33,25560
2022-02-18,186.0,186.0,180.05,182.1,18470
2022-02-21,181.4,183.12,179.25,181.54,22060
2022-02-22,180.5,181.24,178.1,180.61,43097
2022-02-23,181.92,181.95,180.12,180.32,123765
2022-02-24,180.0,180.0,171.73,174.0,373596
2022-02-25,174.25,179.45,174.25,176.12,108150
2022-02-28,175.2,177.69,173.13,177.44,49662
2022-03-02,176.9,176.9,174.4,175.66,61639
2022-03-03,178.7,178.7,174.01,174.37,53976
2022-03-04,174.0,174.38,170.79,171.97,703295
2022-03-07,170.31,171.0,167.01,168.29,257358
2022-03-08,168.0,170.48,166.23,169.92,88651
2022-03-09,172.45,173.09,170.02,172.74,26776
2022-03-10,176.8,176.86,173.78,175.31,89466
2022-03-11,175.1,176.15,174.08,175.69,18476
2022-03-14,179.9,179.9,173.55,178.04,90280
2022-03-15,178.04,178.97,174.5,176.1,39807
2022-03-16,183.83,183.83,177.9,179.21,23602
2022-03-17,181.31,182.8,180.95,182.16,21437
2022-03-21,184.1,184.1,180.65,180.95,62163
2022-03-22,181.0,183.0,179.78,182.83,52729
2022-03-23,183.67,184.12,181.33,181.82,99000
2022-03-24,180.62,182.4,180.38,181.63,206359
2022-03-25,176.2,186.89,176.1,180.97,101578
2022-03-28,184.7,184.7,175.55,181.94,36066
2022-03-29,183.94,183.94,181.69,182.65,21878
2022-03-30,183.85,184.61,181.1,184.39,28391
2022-03-31,186.8,186.8,182.51,184.28,17746
2022-04-01,185.8,186.4,182.52,185.8,83465
2022-04-04,210.0,210.0,183.05,190.32,159698
2022-04-05,191.99,191.99,188.01,189.88,36700
2022-04-06,191.0,191.0,187.93,188.32,24776
2022-04-07,187.6,188.04,186.5,186.7,33696
2022-04-08,186.71,188.7,186.1,188.14,137778
2022-04-11,186.15,187.9,186.15,186.93,23152
2022-04-12,185.85,186.49,184.5,185.7,31486
2022-04-13,191.81,191.81,185.0,186.34,22143
2022-04-18,185.5,185.5,180.15,181.77,84406
2022-04-19,186.87,186.87,177.95,179.35,46733
2022-04-20,179.0,181.94,179.0,181.38,34200
2022-04-21,187.74,187.74,181.85,183.66,27519
2022-04-22,181.11,183.5,180.64,180.94,22213
2022-04-25,197.2,197.2,178.02,179.3,47224
2022-04-26,180.98,181.98,180.6,181.17,19756
2022-04-27,180.5,180.89,179.5,180.41,19483
2022-04-28,182.0,182.22,180.16,181.66,33984
2022-04-29,183.95,183.95,180.13,180.71,15647
2022-05-02,180.5,180.5,178.83,180.12,49934
2022-05-04,184.84,184.84,176.5,177.23,71096
2022-05-05,183.86,193.2,176.0,177.0,67617
2022-05-06,174.79,175.24,173.31,173.95,99065
2022-05-09,173.0,178.99,171.51,177.11,39835
2022-05-10,176.99,176.99,171.54,172.08,142089
2022-05-12,171.5,171.5,167.0,167.8,238469
2022-05-13,168.47,171.49,167.26,167.69,68490
2022-05-16,165.0,169.43,165.0,168.35,39941
2022-05-17,169.0,174.7,168.35,172.23,68877
2022-05-18,172.75,172.99,171.01,171.52,58972
2022-05-19,171.49,171.49,166.95,167.14,74424
2022-05-20,177.2,177.2,169.0,171.75,33171
2022-05-23,174.75,174.75,170.04,171.06,81996
2022-05-24,171.95,172.0,169.1,170.42,74061
2022-05-25,171.6,171.75,169.5,169.97,28236
2022-05-26,171.0,171.4,168.35,171.02,41594
2022-05-27,170.41,174.49,170.41,172.54,19106
2022-05-30,172.8,175.7,172.8,175.15,111370
2022-05-31,176.89,176.89,174.28,175.11,46958
2022-06-01,177.18,177.18,173.9,174.85,72766
2022-06-02,171.35,175.88,171.35,175.42,8231
2022-06-03,177.95,178.25,175.02,175.46,31338
2022-06-06,177.9,179.01,174.01,175.63,17465
2022-06-07,178.5,178.5,173.31,174.4,19752
2022-06-08,179.7,179.7,173.1,173.23,28822
2022-06-09,188.8,188.8,172.51,174.32,7037
2022-06-10,174.29,174.29,172.0,172.35,33593
2022-06-13,171.0,171.28,167.0,168.52,122864
2022-06-14,169.78,169.78,167.0,167.49,77589
2022-06-15,165.0,169.48,165.0,167.44,16359
2022-06-16,169.98,169.98,163.01,163.63,695853
2022-06-17,163.0,164.3,161.63,163.4,60465
2022-06-20,164.4,164.98,162.09,163.63,31729
2022-06-21,165.0,167.1,163.85,166.44,12668
2022-06-22,166.53,166.53,163.81,164.36,37887
2022-06-23,164.35,166.23,163.0,165.27,31755
2022-06-24,164.55,167.3,164.55,166.94,23295
2022-06-27,169.6,169.6,167.01,168.11,20272
2022-06-28,167.7,168.55,167.0,167.87,28396
2022-06-29,167.79,168.2,166.11,167.51,18879
2022-06-30,166.95,170.0,166.95,167.54,24840
2022-07-01,168.6,168.6,165.05,168.0,25963
2022-07-04,183.1,183.1,165.0,168.16,31165
2022-07-05,168.52,170.2,167.71,168.07,38182
2022-07-06,172.9,172.9,167.65,169.65,22904
2022-07-07,170.68,171.62,169.82,171.26,155110
2022-07-08,196.9,196.9,171.0,171.85,14926
2022-07-11,171.0,172.2,168.45,171.66,36731
2022-07-12,171.3,171.61,170.0,170.64,17477
2022-07-13,170.95,171.25,169.35,169.9,7142
2022-07-14,170.17,170.89,168.6,169.15,27840
2022-07-15,168.95,171.0,168.95,170.42,15747
2022-07-18,172.0,173.31,171.17,173.19,83619
2022-07-19,173.3,175.0,171.66,173.57,16170
2022-07-20,174.95,176.44,174.65,174.84,35492
2022-07-21,175.75,177.9,173.71,175.96,51955
2022-07-22,176.5,177.5,176.22,177.12,70918
2022-07-25,177.12,177.8,175.0,176.26,79161
2022-07-26,176.25,176.36,174.75,175.62,59159
2022-07-27,175.56,176.65,174.61,176.31,12143
2022-07-28,177.9,180.56,177.34,179.68,84466
2022-07-29,179.59,182.5,179.59,181.77,81455
2022-08-01,182.7,183.8,180.68,183.67,29884
2022-08-02,184.95,188.85,182.01,183.87,73641
2022-08-03,184.95,184.95,182.5,183.92,33912
2022-08-04,184.52,185.0,181.74,183.82,118534
2022-08-05,183.82,185.0,183.73,184.23,31404
2022-08-08,184.85,185.99,183.09,185.54,72335
2022-08-10,183.58,187.68,183.58,185.73,44122
2022-08-11,187.09,188.25,186.25,187.53,69531
2022-08-12,187.53,189.63,185.65,187.15,35532
2022-08-16,187.15,190.9,187.15,189.25,59346
2022-08-17,189.19,190.6,189.19,190.46,68642
2022-08-18,190.9,190.98,189.38,190.59,25056
2022-08-19,189.05,191.3,187.67,188.5,1828142
2022-08-22,189.45,189.45,185.5,185.91,1087695
2022-08-23,185.96,187.42,184.52,186.72,196835
2022-08-24,185.2,187.85,184.73,187.04,16032
2022-08-25,188.0,189.2,186.0,186.85,12788
2022-08-26,187.2,188.42,186.61,187.28,10366
2022-08-29,185.0,186.0,183.2,184.72,38977
2022-08-30,185.0,190.5,185.0,190.05,470392
2022-09-01,188.8,189.69,185.0,186.63,263589
2022-09-02,187.89,188.2,186.0,186.66,17302
2022-09-05,187.2,187.99,186.71,187.9,17250
2022-09-06,188.3,188.77,186.91,187.92,247259
2022-09-07,186.99,187.89,186.5,187.43,49646
2022-09-08,192.91,192.91,187.46,189.3,36593
2022-09-09,193.8,193.8,188.99,189.69,17634
2022-09-12,190.89,191.25,189.72,190.82,17146
2022-09-13,190.86,192.2,190.86,192.0,40357
2022-09-14,190.49,192.3,189.69,191.15,53681
2022-09-15,193.9,193.9,190.11,190.42,18029
2022-09-16,190.0,190.5,186.75,187.1,79772
2022-09-19,187.39,188.31,186.0,187.83,23098
2022-09-20,190.99,192.0,188.77,189.62,29351
2022-09-21,187.51,190.02,187.51,188.88,22918
2022-09-22,187.79,189.0,187.13,188.17,15952
2022-09-23,188.17,188.17,184.0,184.73,78802
2022-09-26,184.66,184.66,181.41,181.96,82317
2022-09-27,185.59,185.59,181.02,181.75,157370
2022-09-28,181.64,182.3,179.65,180.11,45657
2022-09-29,185.6,195.39,179.05,181.2,55894
2022-09-30,181.6,183.41,178.8,182.47,124049
2022-10-03,186.0,193.4,179.71,180.35,97312
2022-10-04,184.9,184.9,182.14,183.34,42786
2022-10-06,187.79,187.79,183.4,184.11,18643
2022-10-07,183.57,184.75,183.34,183.92,26163
2022-10-10,183.09,184.08,181.6,183.65,18965
2022-10-11,183.65,183.65,181.06,181.42,55307
2022-10-12,192.3,192.3,180.59,182.03,75781
2022-10-13,182.03,182.45,180.25,181.61,39871
2022-10-14,183.01,184.94,182.75,183.09,53893
2022-10-17,183.84,184.51,182.21,183.81,48131
2022-10-18,187.0,194.18,184.13,186.46,126765
2022-10-19,193.69,193.69,186.1,186.3,12078
2022-10-20,186.45,187.0,185.29,186.72,12046
2022-10-21,187.69,188.21,186.83,187.28,53998
2022-10-24,194.18,194.18,187.28,189.1,15473
2022-10-25,189.5,189.95,187.86,188.95,30036
2022-10-27,189.56,189.89,188.5,188.81,19773
2022-10-28,194.18,194.18,188.51,189.13,29529
2022-10-31,192.48,192.48,190.02,191.31,85723
2022-11-01,191.99,193.39,191.73,193.03,153555
2022-11-02,193.03,193.29,191.96,192.34,14493
2022-11-03,192.34,192.69,191.51,192.25,11847
2022-11-04,192.26,192.99,191.71,192.51,25538
2022-11-07,192.51,193.97,192.36,193.69,64505
2022-11-09,194.67,212.1,192.99,193.23,34251
2022-11-10,210.6,210.6,191.41,191.87,28630
2022-11-11,193.11,195.34,193.11,195.25,26294
2022-11-14,212.8,212.8,194.91,195.07,38659
2022-11-15,195.49,196.0,194.57,195.71,51222
2022-11-16,195.72,196.55,195.11,195.97,30977
2022-11-17,195.8,196.13,194.8,195.3,18255
2022-11-18,196.99,196.99,193.91,194.67,14372
